0,0,0,0,1,0,0,2,0,0,3,0,0,4,0,0,5,0,1,6,0,1,7,0,1,8,0,0,9,0,1,0,1,1,1,1,0,2,1,1,3,1,0,4,1,0,5,1,0,6,1,1,7,1,0,8,1,0,9,1,0,0,2,1,1,2,0,2,2,0,3,2,0,4,2,0,5,2,0,6,2,0,7,2,1,8,2,0,9,2,0,0,3,1,1,3,0,2,3,0,3,3,0,4,3,0,5,3,0,6,3,0,7,3,0,8,3,0,9,3,0,0,4,0,1,4,0,2,4,1,3,4,0,4,4,0,5,4,1,6,4,0,7,4,0,8,4,0,9,4,1,0,5,0,1,5,1,2,5,0,3,5,0,4,5,1,5,5,1,6,5,1,7,5,0,8,5,1,9,5,0,0,6,0,1,6,0,2,6,0,3,6,1,4,6,0,5,6,1,6,6,0,7,6,0,8,6,0,9,6,0,0,7,1,1,7,1,2,7,0,3,7,0,4,7,0,5,7,0,6,7,0,7,7,0,8,7,0,9,7,0,0,8,0,1,8,0,2,8,1,3,8,0,4,8,0,5,8,0,6,8,1,7,8,0,8,8,1,9,8,0,0,9,0,1,9,0,2,9,0,3,9,1,4,9,0,5,9,0,6,9,0,7,9,0,8,9,0,9,9,0,
1,0,0,0,1,0,0,2,0,0,3,0,0,4,0,0,5,0,1,6,0,1,7,0,0,8,0,0,9,0,1,0,1,1,1,1,0,2,1,1,3,1,0,4,1,0,5,1,0,6,1,1,7,1,0,8,1,0,9,1,0,0,2,1,1,2,0,2,2,0,3,2,0,4,2,0,5,2,0,6,2,0,7,2,1,8,2,0,9,2,0,0,3,1,1,3,0,2,3,1,3,3,0,4,3,0,5,3,0,6,3,0,7,3,0,8,3,0,9,3,0,0,4,0,1,4,0,2,4,1,3,4,0,4,4,0,5,4,1,6,4,0,7,4,0,8,4,0,9,4,1,0,5,0,1,5,1,2,5,0,3,5,0,4,5,1,5,5,1,6,5,1,7,5,0,8,5,1,9,5,0,0,6,1,1,6,0,2,6,0,3,6,1,4,6,0,5,6,1,6,6,0,7,6,0,8,6,0,9,6,0,0,7,1,1,7,0,2,7,0,3,7,0,4,7,1,5,7,0,6,7,0,7,7,0,8,7,0,9,7,0,0,8,0,1,8,0,2,8,1,3,8,0,4,8,0,5,8,0,6,8,1,7,8,0,8,8,1,9,8,1,0,9,0,1,9,0,2,9,1,3,9,0,4,9,0,5,9,0,6,9,0,7,9,0,8,9,0,9,9,0,
2,0,0,0,1,0,0,2,0,0,3,0,0,4,0,0,5,0,1,6,0,0,7,0,0,8,0,0,9,0,1,0,1,0,1,1,0,2,1,1,3,1,0,4,1,0,5,1,0,6,1,1,7,1,0,8,1,0,9,1,0,0,2,1,1,2,0,2,2,0,3,2,0,4,2,0,5,2,0,6,2,0,7,2,1,8,2,0,9,2,0,0,3,0,1,3,0,2,3,1,3,3,0,4,3,0,5,3,0,6,3,0,7,3,0,8,3,0,9,3,0,0,4,0,1,4,0,2,4,0,3,4,0,4,4,1,5,4,1,6,4,0,7,4,0,8,4,0,9,4,1,0,5,0,1,5,1,2,5,0,3,5,0,4,5,1,5,5,0,6,5,1,7,5,0,8,5,1,9,5,0,0,6,1,1,6,0,2,6,0,3,6,1,4,6,0,5,6,0,6,6,0,7,6,0,8,6,0,9,6,0,0,7,1,1,7,1,2,7,0,3,7,0,4,7,1,5,7,0,6,7,0,7,7,0,8,7,0,9,7,0,0,8,0,1,8,0,2,8,1,3,8,0,4,8,0,5,8,0,6,8,1,7,8,1,8,8,1,9,8,1,0,9,0,1,9,0,2,9,1,3,9,0,4,9,0,5,9,0,6,9,0,7,9,0,8,9,1,9,9,0,
3,0,0,0,1,0,0,2,0,0,3,0,0,4,0,0,5,0,1,6,0,0,7,0,0,8,0,0,9,0,1,0,1,0,1,1,0,2,1,0,3,1,0,4,1,0,5,1,0,6,1,1,7,1,0,8,1,0,9,1,0,0,2,1,1,2,0,2,2,0,3,2,0,4,2,0,5,2,0,6,2,1,7,2,1,8,2,0,9,2,0,0,3,1,1,3,0,2,3,1,3,3,0,4,3,0,5,3,0,6,3,0,7,3,1,8,3,0,9,3,0,0,4,0,1,4,1,2,4,0,3,4,0,4,4,0,5,4,1,6,4,0,7,4,0,8,4,0,9,4,0,0,5,0,1,5,1,2,5,0,3,5,0,4,5,1,5,5,0,6,5,0,7,5,0,8,5,1,9,5,0,0,6,1,1,6,0,2,6,0,3,6,1,4,6,0,5,6,0,6,6,1,7,6,0,8,6,0,9,6,0,0,7,1,1,7,1,2,7,0,3,7,0,4,7,0,5,7,0,6,7,0,7,7,0,8,7,0,9,7,0,0,8,0,1,8,0,2,8,1,3,8,0,4,8,0,5,8,0,6,8,0,7,8,0,8,8,1,9,8,1,0,9,0,1,9,1,2,9,1,3,9,0,4,9,0,5,9,0,6,9,0,7,9,0,8,9,1,9,9,0,
4,0,0,0,1,0,0,2,0,0,3,0,0,4,0,0,5,0,1,6,0,0,7,0,0,8,0,0,9,0,1,0,1,1,1,1,0,2,1,0,3,1,0,4,1,0,5,1,0,6,1,1,7,1,0,8,1,0,9,1,0,0,2,1,1,2,1,2,2,0,3,2,0,4,2,0,5,2,0,6,2,1,7,2,1,8,2,0,9,2,0,0,3,0,1,3,0,2,3,1,3,3,0,4,3,0,5,3,1,6,3,0,7,3,1,8,3,0,9,3,0,0,4,0,1,4,0,2,4,0,3,4,0,4,4,0,5,4,1,6,4,0,7,4,1,8,4,0,9,4,0,0,5,0,1,5,0,2,5,0,3,5,0,4,5,0,5,5,1,6,5,0,7,5,0,8,5,1,9,5,0,0,6,0,1,6,0,2,6,0,3,6,1,4,6,0,5,6,0,6,6,1,7,6,0,8,6,0,9,6,1,0,7,1,1,7,1,2,7,0,3,7,0,4,7,1,5,7,0,6,7,0,7,7,0,8,7,1,9,7,0,0,8,0,1,8,0,2,8,1,3,8,0,4,8,0,5,8,0,6,8,0,7,8,1,8,8,0,9,8,1,0,9,0,1,9,0,2,9,1,3,9,0,4,9,0,5,9,0,6,9,0,7,9,0,8,9,0,9,9,0,
5,0,0,0,1,0,0,2,0,0,3,0,0,4,0,0,5,0,1,6,0,0,7,0,1,8,0,0,9,0,1,0,1,1,1,1,0,2,1,1,3,1,0,4,1,0,5,1,0,6,1,1,7,1,0,8,1,0,9,1,1,0,2,1,1,2,1,2,2,0,3,2,0,4,2,0,5,2,0,6,2,1,7,2,1,8,2,0,9,2,0,0,3,0,1,3,0,2,3,1,3,3,0,4,3,0,5,3,1,6,3,0,7,3,1,8,3,0,9,3,0,0,4,0,1,4,1,2,4,0,3,4,0,4,4,1,5,4,1,6,4,0,7,4,1,8,4,0,9,4,1,0,5,0,1,5,0,2,5,0,3,5,0,4,5,0,5,5,1,6,5,0,7,5,0,8,5,1,9,5,0,0,6,0,1,6,0,2,6,0,3,6,1,4,6,0,5,6,0,6,6,1,7,6,1,8,6,0,9,6,1,0,7,1,1,7,0,2,7,0,3,7,0,4,7,1,5,7,0,6,7,0,7,7,0,8,7,1,9,7,0,0,8,0,1,8,0,2,8,0,3,8,0,4,8,0,5,8,0,6,8,0,7,8,0,8,8,1,9,8,1,0,9,0,1,9,0,2,9,1,3,9,1,4,9,0,5,9,0,6,9,0,7,9,0,8,9,0,9,9,0,
6,0,0,0,1,0,0,2,0,0,3,0,0,4,0,0,5,0,1,6,0,0,7,0,1,8,0,0,9,0,1,0,1,0,1,1,0,2,1,1,3,1,0,4,1,0,5,1,0,6,1,1,7,1,0,8,1,0,9,1,1,0,2,0,1,2,1,2,2,0,3,2,0,4,2,0,5,2,0,6,2,1,7,2,1,8,2,0,9,2,0,0,3,1,1,3,0,2,3,1,3,3,0,4,3,0,5,3,1,6,3,0,7,3,1,8,3,0,9,3,0,0,4,0,1,4,1,2,4,0,3,4,0,4,4,1,5,4,1,6,4,0,7,4,1,8,4,0,9,4,0,0,5,0,1,5,0,2,5,0,3,5,0,4,5,0,5,5,0,6,5,0,7,5,0,8,5,1,9,5,0,0,6,1,1,6,0,2,6,0,3,6,1,4,6,0,5,6,1,6,6,1,7,6,1,8,6,0,9,6,1,0,7,1,1,7,0,2,7,0,3,7,0,4,7,0,5,7,0,6,7,0,7,7,0,8,7,1,9,7,1,0,8,0,1,8,0,2,8,0,3,8,0,4,8,0,5,8,0,6,8,0,7,8,0,8,8,1,9,8,1,0,9,0,1,9,1,2,9,0,3,9,1,4,9,0,5,9,0,6,9,0,7,9,0,8,9,1,9,9,1,
7,0,0,0,1,0,0,2,0,0,3,0,0,4,0,0,5,0,1,6,0,0,7,0,0,8,0,0,9,0,1,0,1,0,1,1,0,2,1,0,3,1,0,4,1,0,5,1,0,6,1,1,7,1,0,8,1,0,9,1,1,0,2,0,1,2,0,2,2,0,3,2,0,4,2,0,5,2,0,6,2,1,7,2,1,8,2,0,9,2,0,0,3,0,1,3,0,2,3,1,3,3,0,4,3,0,5,3,1,6,3,0,7,3,1,8,3,0,9,3,0,0,4,0,1,4,0,2,4,0,3,4,0,4,4,0,5,4,1,6,4,0,7,4,0,8,4,0,9,4,1,0,5,0,1,5,0,2,5,0,3,5,1,4,5,0,5,5,1,6,5,0,7,5,0,8,5,1,9,5,0,0,6,0,1,6,0,2,6,0,3,6,1,4,6,0,5,6,1,6,6,1,7,6,1,8,6,0,9,6,1,0,7,1,1,7,1,2,7,0,3,7,0,4,7,0,5,7,1,6,7,0,7,7,0,8,7,1,9,7,0,0,8,0,1,8,0,2,8,0,3,8,0,4,8,0,5,8,0,6,8,1,7,8,0,8,8,1,9,8,1,0,9,0,1,9,1,2,9,0,3,9,0,4,9,0,5,9,0,6,9,0,7,9,0,8,9,0,9,9,1,
8,0,0,0,1,0,0,2,0,0,3,0,0,4,0,0,5,0,1,6,0,0,7,0,1,8,0,0,9,0,1,0,1,0,1,1,0,2,1,0,3,1,0,4,1,0,5,1,0,6,1,1,7,1,0,8,1,0,9,1,0,0,2,0,1,2,0,2,2,0,3,2,0,4,2,0,5,2,0,6,2,1,7,2,1,8,2,0,9,2,0,0,3,1,1,3,0,2,3,0,3,3,0,4,3,0,5,3,1,6,3,0,7,3,1,8,3,0,9,3,0,0,4,0,1,4,0,2,4,0,3,4,0,4,4,1,5,4,0,6,4,0,7,4,0,8,4,0,9,4,1,0,5,0,1,5,1,2,5,0,3,5,0,4,5,1,5,5,1,6,5,0,7,5,0,8,5,1,9,5,0,0,6,0,1,6,0,2,6,0,3,6,1,4,6,0,5,6,0,6,6,0,7,6,1,8,6,0,9,6,1,0,7,0,1,7,0,2,7,0,3,7,0,4,7,0,5,7,0,6,7,0,7,7,0,8,7,1,9,7,0,0,8,0,1,8,0,2,8,0,3,8,0,4,8,0,5,8,0,6,8,0,7,8,0,8,8,0,9,8,1,0,9,0,1,9,1,2,9,0,3,9,0,4,9,0,5,9,0,6,9,0,7,9,0,8,9,1,9,9,1,
9,0,0,0,1,0,0,2,0,0,3,0,0,4,0,0,5,0,1,6,0,0,7,0,1,8,0,0,9,0,1,0,1,0,1,1,0,2,1,0,3,1,0,4,1,0,5,1,0,6,1,1,7,1,0,8,1,0,9,1,0,0,2,0,1,2,0,2,2,0,3,2,0,4,2,0,5,2,0,6,2,1,7,2,1,8,2,0,9,2,0,0,3,0,1,3,0,2,3,0,3,3,0,4,3,0,5,3,0,6,3,0,7,3,1,8,3,0,9,3,0,0,4,0,1,4,1,2,4,0,3,4,0,4,4,0,5,4,0,6,4,0,7,4,1,8,4,0,9,4,1,0,5,0,1,5,0,2,5,0,3,5,0,4,5,0,5,5,0,6,5,0,7,5,0,8,5,1,9,5,0,0,6,1,1,6,0,2,6,0,3,6,1,4,6,0,5,6,0,6,6,0,7,6,1,8,6,0,9,6,1,0,7,0,1,7,1,2,7,0,3,7,0,4,7,0,5,7,0,6,7,0,7,7,0,8,7,1,9,7,1,0,8,0,1,8,0,2,8,0,3,8,0,4,8,0,5,8,0,6,8,0,7,8,1,8,8,0,9,8,1,0,9,0,1,9,1,2,9,0,3,9,0,4,9,0,5,9,0,6,9,0,7,9,0,8,9,1,9,9,1,
10,0,0,0,1,0,0,2,0,0,3,0,0,4,0,0,5,0,1,6,0,0,7,0,1,8,0,0,9,0,1,0,1,0,1,1,0,2,1,0,3,1,0,4,1,0,5,1,0,6,1,1,7,1,0,8,1,0,9,1,1,0,2,0,1,2,0,2,2,0,3,2,0,4,2,0,5,2,0,6,2,1,7,2,1,8,2,0,9,2,0,0,3,0,1,3,0,2,3,0,3,3,0,4,3,0,5,3,0,6,3,0,7,3,1,8,3,0,9,3,0,0,4,0,1,4,1,2,4,0,3,4,0,4,4,1,5,4,0,6,4,0,7,4,1,8,4,0,9,4,0,0,5,0,1,5,0,2,5,0,3,5,0,4,5,0,5,5,0,6,5,0,7,5,0,8,5,1,9,5,0,0,6,0,1,6,0,2,6,0,3,6,1,4,6,0,5,6,1,6,6,0,7,6,1,8,6,0,9,6,0,0,7,1,1,7,1,2,7,0,3,7,0,4,7,0,5,7,0,6,7,0,7,7,0,8,7,1,9,7,1,0,8,0,1,8,0,2,8,0,3,8,0,4,8,0,5,8,0,6,8,0,7,8,0,8,8,0,9,8,1,0,9,0,1,9,0,2,9,0,3,9,0,4,9,0,5,9,0,6,9,0,7,9,0,8,9,1,9,9,1,
11,0,0,0,1,0,0,2,0,0,3,0,0,4,0,0,5,0,1,6,0,0,7,0,1,8,0,0,9,0,1,0,1,1,1,1,0,2,1,1,3,1,0,4,1,0,5,1,0,6,1,1,7,1,0,8,1,0,9,1,1,0,2,0,1,2,1,2,2,0,3,2,0,4,2,0,5,2,0,6,2,1,7,2,1,8,2,1,9,2,0,0,3,1,1,3,0,2,3,0,3,3,0,4,3,0,5,3,0,6,3,0,7,3,1,8,3,0,9,3,0,0,4,0,1,4,0,2,4,0,3,4,0,4,4,1,5,4,0,6,4,0,7,4,0,8,4,0,9,4,0,0,5,0,1,5,0,2,5,0,3,5,0,4,5,0,5,5,0,6,5,0,7,5,0,8,5,1,9,5,0,0,6,0,1,6,0,2,6,0,3,6,1,4,6,0,5,6,1,6,6,0,7,6,1,8,6,0,9,6,0,0,7,1,1,7,1,2,7,0,3,7,0,4,7,0,5,7,0,6,7,0,7,7,0,8,7,1,9,7,1,0,8,0,1,8,0,2,8,1,3,8,0,4,8,0,5,8,0,6,8,1,7,8,0,8,8,0,9,8,1,0,9,0,1,9,1,2,9,1,3,9,0,4,9,0,5,9,0,6,9,0,7,9,0,8,9,1,9,9,1,
12,0,0,0,1,0,0,2,0,0,3,0,0,4,0,0,5,0,1,6,0,0,7,0,0,8,0,0,9,0,1,0,1,0,1,1,0,2,1,0,3,1,0,4,1,0,5,1,0,6,1,1,7,1,0,8,1,0,9,1,0,0,2,1,1,2,0,2,2,0,3,2,0,4,2,0,5,2,0,6,2,1,7,2,1,8,2,0,9,2,0,0,3,1,1,3,0,2,3,0,3,3,0,4,3,0,5,3,1,6,3,0,7,3,1,8,3,0,9,3,0,0,4,0,1,4,0,2,4,1,3,4,0,4,4,1,5,4,0,6,4,0,7,4,0,8,4,0,9,4,0,0,5,0,1,5,1,2,5,0,3,5,1,4,5,0,5,5,1,6,5,0,7,5,0,8,5,1,9,5,0,0,6,0,1,6,0,2,6,0,3,6,1,4,6,0,5,6,1,6,6,0,7,6,1,8,6,0,9,6,1,0,7,1,1,7,1,2,7,0,3,7,0,4,7,1,5,7,0,6,7,0,7,7,0,8,7,1,9,7,1,0,8,0,1,8,0,2,8,1,3,8,0,4,8,0,5,8,0,6,8,0,7,8,0,8,8,0,9,8,1,0,9,0,1,9,1,2,9,1,3,9,0,4,9,0,5,9,0,6,9,0,7,9,0,8,9,1,9,9,1,
13,0,0,0,1,0,0,2,0,0,3,0,0,4,0,0,5,0,1,6,0,0,7,0,0,8,0,0,9,0,0,0,1,0,1,1,0,2,1,0,3,1,0,4,1,0,5,1,0,6,1,1,7,1,0,8,1,0,9,1,0,0,2,1,1,2,0,2,2,0,3,2,0,4,2,0,5,2,0,6,2,1,7,2,1,8,2,0,9,2,0,0,3,1,1,3,0,2,3,0,3,3,0,4,3,0,5,3,1,6,3,0,7,3,1,8,3,0,9,3,0,0,4,0,1,4,0,2,4,1,3,4,0,4,4,1,5,4,0,6,4,0,7,4,0,8,4,0,9,4,1,0,5,0,1,5,1,2,5,0,3,5,1,4,5,0,5,5,0,6,5,0,7,5,0,8,5,1,9,5,0,0,6,0,1,6,0,2,6,0,3,6,1,4,6,0,5,6,1,6,6,1,7,6,0,8,6,0,9,6,1,0,7,0,1,7,0,2,7,0,3,7,0,4,7,0,5,7,0,6,7,0,7,7,0,8,7,1,9,7,1,0,8,0,1,8,0,2,8,1,3,8,0,4,8,0,5,8,0,6,8,1,7,8,0,8,8,0,9,8,1,0,9,0,1,9,1,2,9,1,3,9,0,4,9,0,5,9,0,6,9,0,7,9,0,8,9,1,9,9,1,
14,0,0,0,1,0,0,2,0,1,3,0,0,4,0,0,5,0,1,6,0,0,7,0,0,8,0,0,9,0,0,0,1,0,1,1,0,2,1,1,3,1,0,4,1,0,5,1,0,6,1,1,7,1,0,8,1,0,9,1,1,0,2,1,1,2,1,2,2,0,3,2,0,4,2,0,5,2,0,6,2,1,7,2,1,8,2,0,9,2,0,0,3,1,1,3,0,2,3,1,3,3,0,4,3,0,5,3,1,6,3,0,7,3,0,8,3,0,9,3,0,0,4,0,1,4,1,2,4,1,3,4,0,4,4,1,5,4,0,6,4,0,7,4,0,8,4,0,9,4,0,0,5,0,1,5,0,2,5,0,3,5,1,4,5,0,5,5,0,6,5,1,7,5,0,8,5,1,9,5,0,0,6,0,1,6,0,2,6,0,3,6,1,4,6,0,5,6,0,6,6,1,7,6,0,8,6,0,9,6,1,0,7,0,1,7,1,2,7,0,3,7,0,4,7,0,5,7,0,6,7,0,7,7,0,8,7,1,9,7,1,0,8,0,1,8,0,2,8,1,3,8,0,4,8,0,5,8,0,6,8,1,7,8,0,8,8,0,9,8,0,0,9,0,1,9,1,2,9,1,3,9,0,4,9,0,5,9,0,6,9,1,7,9,1,8,9,1,9,9,1,
15,0,0,0,1,0,0,2,0,1,3,0,0,4,0,0,5,0,1,6,0,0,7,0,1,8,0,0,9,0,1,0,1,0,1,1,0,2,1,0,3,1,0,4,1,0,5,1,0,6,1,0,7,1,0,8,1,0,9,1,0,0,2,1,1,2,0,2,2,0,3,2,0,4,2,0,5,2,0,6,2,1,7,2,1,8,2,1,9,2,0,0,3,1,1,3,0,2,3,0,3,3,0,4,3,0,5,3,1,6,3,0,7,3,1,8,3,0,9,3,0,0,4,0,1,4,0,2,4,1,3,4,0,4,4,1,5,4,0,6,4,0,7,4,0,8,4,0,9,4,0,0,5,0,1,5,0,2,5,0,3,5,1,4,5,1,5,5,0,6,5,1,7,5,0,8,5,1,9,5,0,0,6,1,1,6,0,2,6,0,3,6,1,4,6,0,5,6,0,6,6,1,7,6,0,8,6,0,9,6,0,0,7,0,1,7,0,2,7,0,3,7,0,4,7,1,5,7,0,6,7,0,7,7,0,8,7,1,9,7,0,0,8,0,1,8,0,2,8,0,3,8,0,4,8,0,5,8,0,6,8,1,7,8,0,8,8,0,9,8,0,0,9,0,1,9,1,2,9,1,3,9,0,4,9,0,5,9,0,6,9,1,7,9,0,8,9,1,9,9,1,
16,0,0,0,1,0,0,2,0,1,3,0,0,4,0,0,5,0,1,6,0,0,7,0,0,8,0,0,9,0,1,0,1,0,1,1,0,2,1,0,3,1,0,4,1,0,5,1,0,6,1,0,7,1,0,8,1,0,9,1,0,0,2,1,1,2,1,2,2,0,3,2,0,4,2,0,5,2,0,6,2,1,7,2,1,8,2,1,9,2,0,0,3,0,1,3,0,2,3,0,3,3,0,4,3,0,5,3,1,6,3,0,7,3,1,8,3,1,9,3,0,0,4,0,1,4,1,2,4,1,3,4,0,4,4,0,5,4,0,6,4,0,7,4,0,8,4,0,9,4,0,0,5,0,1,5,0,2,5,0,3,5,1,4,5,0,5,5,1,6,5,1,7,5,0,8,5,1,9,5,0,0,6,1,1,6,0,2,6,0,3,6,0,4,6,0,5,6,0,6,6,1,7,6,0,8,6,0,9,6,0,0,7,0,1,7,1,2,7,0,3,7,0,4,7,0,5,7,0,6,7,0,7,7,0,8,7,0,9,7,0,0,8,0,1,8,0,2,8,1,3,8,0,4,8,0,5,8,0,6,8,1,7,8,0,8,8,0,9,8,0,0,9,0,1,9,0,2,9,1,3,9,0,4,9,0,5,9,0,6,9,1,7,9,0,8,9,1,9,9,1,
17,0,0,0,1,0,0,2,0,0,3,0,0,4,0,0,5,0,1,6,0,0,7,0,0,8,0,0,9,0,1,0,1,1,1,1,0,2,1,0,3,1,0,4,1,0,5,1,0,6,1,0,7,1,0,8,1,0,9,1,1,0,2,1,1,2,1,2,2,0,3,2,0,4,2,0,5,2,0,6,2,1,7,2,1,8,2,1,9,2,0,0,3,0,1,3,0,2,3,0,3,3,0,4,3,0,5,3,1,6,3,0,7,3,0,8,3,1,9,3,0,0,4,0,1,4,0,2,4,1,3,4,0,4,4,0,5,4,0,6,4,0,7,4,0,8,4,0,9,4,0,0,5,0,1,5,0,2,5,0,3,5,1,4,5,1,5,5,1,6,5,1,7,5,0,8,5,1,9,5,0,0,6,1,1,6,0,2,6,0,3,6,0,4,6,0,5,6,0,6,6,0,7,6,1,8,6,0,9,6,0,0,7,0,1,7,0,2,7,0,3,7,0,4,7,1,5,7,0,6,7,0,7,7,0,8,7,0,9,7,0,0,8,0,1,8,0,2,8,1,3,8,0,4,8,0,5,8,0,6,8,1,7,8,1,8,8,1,9,8,1,0,9,0,1,9,0,2,9,1,3,9,0,4,9,0,5,9,0,6,9,1,7,9,0,8,9,1,9,9,1,
18,0,0,0,1,0,0,2,0,0,3,0,0,4,0,0,5,0,0,6,0,0,7,0,0,8,0,0,9,0,1,0,1,1,1,1,0,2,1,0,3,1,0,4,1,0,5,1,0,6,1,0,7,1,0,8,1,0,9,1,0,0,2,1,1,2,0,2,2,0,3,2,0,4,2,0,5,2,0,6,2,1,7,2,1,8,2,1,9,2,0,0,3,0,1,3,0,2,3,0,3,3,0,4,3,0,5,3,1,6,3,0,7,3,0,8,3,1,9,3,0,0,4,0,1,4,0,2,4,1,3,4,0,4,4,0,5,4,0,6,4,0,7,4,0,8,4,0,9,4,1,0,5,0,1,5,0,2,5,0,3,5,1,4,5,1,5,5,1,6,5,1,7,5,0,8,5,1,9,5,0,0,6,1,1,6,0,2,6,0,3,6,0,4,6,0,5,6,0,6,6,0,7,6,1,8,6,0,9,6,0,0,7,1,1,7,1,2,7,0,3,7,0,4,7,0,5,7,0,6,7,0,7,7,0,8,7,0,9,7,0,0,8,0,1,8,0,2,8,1,3,8,0,4,8,0,5,8,0,6,8,1,7,8,0,8,8,1,9,8,1,0,9,0,1,9,1,2,9,1,3,9,0,4,9,0,5,9,0,6,9,1,7,9,0,8,9,1,9,9,1,
19,0,0,0,1,0,0,2,0,0,3,0,0,4,0,0,5,0,0,6,0,1,7,0,0,8,0,0,9,0,1,0,1,1,1,1,0,2,1,0,3,1,0,4,1,0,5,1,0,6,1,0,7,1,0,8,1,0,9,1,0,0,2,1,1,2,1,2,2,0,3,2,0,4,2,0,5,2,0,6,2,1,7,2,1,8,2,1,9,2,0,0,3,1,1,3,0,2,3,0,3,3,0,4,3,0,5,3,1,6,3,0,7,3,1,8,3,1,9,3,0,0,4,0,1,4,0,2,4,1,3,4,0,4,4,0,5,4,0,6,4,0,7,4,0,8,4,0,9,4,0,0,5,0,1,5,0,2,5,0,3,5,1,4,5,1,5,5,0,6,5,1,7,5,0,8,5,1,9,5,0,0,6,1,1,6,0,2,6,0,3,6,1,4,6,0,5,6,0,6,6,0,7,6,1,8,6,0,9,6,1,0,7,1,1,7,0,2,7,0,3,7,0,4,7,0,5,7,0,6,7,0,7,7,0,8,7,0,9,7,0,0,8,0,1,8,0,2,8,0,3,8,0,4,8,0,5,8,0,6,8,1,7,8,1,8,8,1,9,8,1,0,9,0,1,9,1,2,9,1,3,9,0,4,9,0,5,9,0,6,9,1,7,9,0,8,9,1,9,9,1,
20,0,0,0,1,0,0,2,0,0,3,0,0,4,0,0,5,0,0,6,0,1,7,0,0,8,0,0,9,0,0,0,1,1,1,1,0,2,1,0,3,1,0,4,1,0,5,1,0,6,1,0,7,1,0,8,1,0,9,1,0,0,2,1,1,2,1,2,2,0,3,2,0,4,2,0,5,2,0,6,2,0,7,2,1,8,2,1,9,2,0,0,3,1,1,3,0,2,3,0,3,3,0,4,3,0,5,3,1,6,3,0,7,3,1,8,3,1,9,3,0,0,4,0,1,4,0,2,4,1,3,4,0,4,4,0,5,4,0,6,4,0,7,4,0,8,4,0,9,4,0,0,5,0,1,5,1,2,5,0,3,5,1,4,5,1,5,5,1,6,5,1,7,5,0,8,5,1,9,5,0,0,6,1,1,6,0,2,6,0,3,6,1,4,6,0,5,6,1,6,6,0,7,6,1,8,6,0,9,6,1,0,7,1,1,7,1,2,7,0,3,7,0,4,7,1,5,7,1,6,7,0,7,7,0,8,7,0,9,7,0,0,8,0,1,8,0,2,8,0,3,8,0,4,8,0,5,8,0,6,8,1,7,8,0,8,8,1,9,8,1,0,9,0,1,9,1,2,9,1,3,9,0,4,9,0,5,9,0,6,9,1,7,9,1,8,9,1,9,9,1,
21,0,0,0,1,0,0,2,0,0,3,0,0,4,0,0,5,0,0,6,0,1,7,0,0,8,0,0,9,0,1,0,1,0,1,1,0,2,1,1,3,1,0,4,1,0,5,1,0,6,1,0,7,1,0,8,1,0,9,1,1,0,2,0,1,2,0,2,2,0,3,2,0,4,2,0,5,2,0,6,2,0,7,2,1,8,2,1,9,2,0,0,3,0,1,3,0,2,3,0,3,3,0,4,3,0,5,3,1,6,3,0,7,3,1,8,3,1,9,3,0,0,4,0,1,4,0,2,4,0,3,4,0,4,4,0,5,4,1,6,4,0,7,4,1,8,4,0,9,4,0,0,5,0,1,5,1,2,5,0,3,5,1,4,5,1,5,5,0,6,5,1,7,5,0,8,5,1,9,5,0,0,6,1,1,6,0,2,6,0,3,6,1,4,6,0,5,6,1,6,6,0,7,6,1,8,6,0,9,6,1,0,7,1,1,7,1,2,7,0,3,7,0,4,7,1,5,7,1,6,7,0,7,7,0,8,7,0,9,7,1,0,8,0,1,8,0,2,8,0,3,8,0,4,8,0,5,8,0,6,8,0,7,8,1,8,8,1,9,8,1,0,9,0,1,9,1,2,9,1,3,9,0,4,9,0,5,9,0,6,9,1,7,9,1,8,9,1,9,9,1,
22,0,0,0,1,0,0,2,0,0,3,0,0,4,0,0,5,0,0,6,0,1,7,0,1,8,0,0,9,0,1,0,1,0,1,1,0,2,1,0,3,1,0,4,1,0,5,1,0,6,1,0,7,1,0,8,1,0,9,1,0,0,2,0,1,2,1,2,2,0,3,2,0,4,2,0,5,2,0,6,2,0,7,2,1,8,2,1,9,2,0,0,3,0,1,3,0,2,3,0,3,3,0,4,3,0,5,3,1,6,3,0,7,3,1,8,3,1,9,3,0,0,4,0,1,4,0,2,4,0,3,4,0,4,4,0,5,4,1,6,4,0,7,4,1,8,4,0,9,4,0,0,5,0,1,5,0,2,5,0,3,5,1,4,5,1,5,5,1,6,5,1,7,5,0,8,5,1,9,5,0,0,6,0,1,6,0,2,6,0,3,6,1,4,6,0,5,6,1,6,6,1,7,6,1,8,6,0,9,6,1,0,7,1,1,7,1,2,7,0,3,7,0,4,7,1,5,7,1,6,7,0,7,7,0,8,7,0,9,7,1,0,8,0,1,8,0,2,8,0,3,8,0,4,8,0,5,8,0,6,8,0,7,8,1,8,8,1,9,8,1,0,9,0,1,9,1,2,9,1,3,9,0,4,9,0,5,9,0,6,9,1,7,9,0,8,9,1,9,9,1,
23,0,0,0,1,0,0,2,0,0,3,0,0,4,0,0,5,0,0,6,0,1,7,0,0,8,0,0,9,0,1,0,1,0,1,1,0,2,1,1,3,1,0,4,1,0,5,1,0,6,1,1,7,1,0,8,1,0,9,1,0,0,2,1,1,2,1,2,2,0,3,2,0,4,2,0,5,2,0,6,2,0,7,2,1,8,2,1,9,2,0,0,3,0,1,3,0,2,3,0,3,3,0,4,3,0,5,3,1,6,3,0,7,3,1,8,3,1,9,3,0,0,4,0,1,4,1,2,4,0,3,4,0,4,4,0,5,4,1,6,4,0,7,4,0,8,4,0,9,4,0,0,5,0,1,5,0,2,5,0,3,5,1,4,5,1,5,5,0,6,5,1,7,5,0,8,5,1,9,5,0,0,6,0,1,6,0,2,6,0,3,6,1,4,6,0,5,6,0,6,6,1,7,6,1,8,6,0,9,6,1,0,7,1,1,7,1,2,7,0,3,7,0,4,7,0,5,7,1,6,7,0,7,7,0,8,7,0,9,7,1,0,8,0,1,8,0,2,8,1,3,8,0,4,8,0,5,8,0,6,8,1,7,8,0,8,8,1,9,8,1,0,9,0,1,9,1,2,9,1,3,9,0,4,9,0,5,9,0,6,9,1,7,9,1,8,9,1,9,9,1,
24,0,0,0,1,0,0,2,0,0,3,0,0,4,0,0,5,0,0,6,0,1,7,0,0,8,0,0,9,0,1,0,1,0,1,1,0,2,1,0,3,1,0,4,1,0,5,1,0,6,1,1,7,1,0,8,1,0,9,1,0,0,2,1,1,2,1,2,2,0,3,2,0,4,2,0,5,2,0,6,2,0,7,2,1,8,2,1,9,2,0,0,3,0,1,3,0,2,3,0,3,3,0,4,3,0,5,3,1,6,3,0,7,3,1,8,3,1,9,3,0,0,4,0,1,4,0,2,4,0,3,4,0,4,4,0,5,4,1,6,4,0,7,4,0,8,4,0,9,4,1,0,5,0,1,5,0,2,5,0,3,5,0,4,5,1,5,5,1,6,5,1,7,5,0,8,5,1,9,5,0,0,6,0,1,6,0,2,6,0,3,6,1,4,6,0,5,6,0,6,6,1,7,6,1,8,6,0,9,6,1,0,7,1,1,7,0,2,7,0,3,7,0,4,7,1,5,7,0,6,7,0,7,7,0,8,7,0,9,7,1,0,8,0,1,8,0,2,8,1,3,8,0,4,8,0,5,8,0,6,8,1,7,8,0,8,8,0,9,8,1,0,9,0,1,9,1,2,9,1,3,9,0,4,9,0,5,9,0,6,9,1,7,9,1,8,9,1,9,9,1,
25,0,0,0,1,0,0,2,0,0,3,0,0,4,0,0,5,0,0,6,0,1,7,0,0,8,0,0,9,0,1,0,1,1,1,1,0,2,1,0,3,1,0,4,1,0,5,1,0,6,1,1,7,1,0,8,1,0,9,1,1,0,2,1,1,2,0,2,2,0,3,2,0,4,2,0,5,2,0,6,2,0,7,2,1,8,2,1,9,2,0,0,3,0,1,3,0,2,3,1,3,3,0,4,3,0,5,3,1,6,3,0,7,3,0,8,3,1,9,3,0,0,4,0,1,4,1,2,4,0,3,4,0,4,4,0,5,4,1,6,4,0,7,4,0,8,4,0,9,4,0,0,5,0,1,5,0,2,5,0,3,5,0,4,5,1,5,5,0,6,5,1,7,5,0,8,5,1,9,5,0,0,6,0,1,6,0,2,6,0,3,6,1,4,6,0,5,6,0,6,6,1,7,6,1,8,6,0,9,6,0,0,7,1,1,7,0,2,7,0,3,7,0,4,7,1,5,7,0,6,7,0,7,7,0,8,7,0,9,7,1,0,8,0,1,8,0,2,8,1,3,8,0,4,8,0,5,8,0,6,8,1,7,8,0,8,8,0,9,8,1,0,9,0,1,9,1,2,9,1,3,9,0,4,9,0,5,9,0,6,9,1,7,9,1,8,9,1,9,9,1,
26,0,0,0,1,0,0,2,0,0,3,0,0,4,0,0,5,0,0,6,0,1,7,0,0,8,0,0,9,0,1,0,1,1,1,1,0,2,1,0,3,1,0,4,1,0,5,1,0,6,1,1,7,1,0,8,1,0,9,1,1,0,2,1,1,2,1,2,2,0,3,2,0,4,2,0,5,2,0,6,2,0,7,2,1,8,2,1,9,2,0,0,3,1,1,3,0,2,3,0,3,3,0,4,3,0,5,3,1,6,3,0,7,3,1,8,3,1,9,3,0,0,4,0,1,4,0,2,4,0,3,4,0,4,4,0,5,4,1,6,4,0,7,4,1,8,4,0,9,4,0,0,5,0,1,5,0,2,5,0,3,5,0,4,5,1,5,5,0,6,5,1,7,5,0,8,5,1,9,5,0,0,6,0,1,6,0,2,6,0,3,6,1,4,6,0,5,6,0,6,6,1,7,6,1,8,6,0,9,6,0,0,7,1,1,7,1,2,7,0,3,7,0,4,7,1,5,7,0,6,7,0,7,7,1,8,7,0,9,7,0,0,8,0,1,8,0,2,8,1,3,8,0,4,8,0,5,8,0,6,8,1,7,8,1,8,8,0,9,8,1,0,9,0,1,9,1,2,9,1,3,9,0,4,9,0,5,9,0,6,9,1,7,9,1,8,9,1,9,9,1,
27,0,0,0,1,0,0,2,0,1,3,0,0,4,0,0,5,0,0,6,0,1,7,0,0,8,0,0,9,0,1,0,1,0,1,1,0,2,1,0,3,1,0,4,1,0,5,1,0,6,1,1,7,1,0,8,1,0,9,1,1,0,2,1,1,2,0,2,2,0,3,2,0,4,2,0,5,2,0,6,2,0,7,2,1,8,2,1,9,2,0,0,3,1,1,3,0,2,3,0,3,3,0,4,3,0,5,3,1,6,3,0,7,3,1,8,3,1,9,3,0,0,4,0,1,4,0,2,4,0,3,4,0,4,4,0,5,4,1,6,4,0,7,4,1,8,4,0,9,4,0,0,5,0,1,5,0,2,5,0,3,5,0,4,5,1,5,5,0,6,5,1,7,5,0,8,5,1,9,5,0,0,6,0,1,6,0,2,6,0,3,6,1,4,6,0,5,6,1,6,6,0,7,6,1,8,6,0,9,6,0,0,7,1,1,7,1,2,7,0,3,7,0,4,7,1,5,7,0,6,7,0,7,7,1,8,7,0,9,7,0,0,8,0,1,8,0,2,8,0,3,8,0,4,8,0,5,8,0,6,8,1,7,8,1,8,8,0,9,8,1,0,9,0,1,9,1,2,9,1,3,9,0,4,9,0,5,9,0,6,9,0,7,9,0,8,9,0,9,9,0,
28,0,0,0,1,0,0,2,0,1,3,0,0,4,0,0,5,0,0,6,0,1,7,0,0,8,0,0,9,0,1,0,1,0,1,1,0,2,1,1,3,1,0,4,1,0,5,1,0,6,1,1,7,1,0,8,1,0,9,1,0,0,2,1,1,2,1,2,2,0,3,2,0,4,2,0,5,2,0,6,2,0,7,2,0,8,2,1,9,2,0,0,3,1,1,3,0,2,3,0,3,3,0,4,3,0,5,3,1,6,3,0,7,3,1,8,3,1,9,3,0,0,4,0,1,4,1,2,4,0,3,4,0,4,4,0,5,4,1,6,4,0,7,4,1,8,4,0,9,4,1,0,5,0,1,5,0,2,5,0,3,5,0,4,5,0,5,5,0,6,5,1,7,5,0,8,5,1,9,5,0,0,6,0,1,6,0,2,6,0,3,6,1,4,6,0,5,6,1,6,6,1,7,6,1,8,6,0,9,6,0,0,7,1,1,7,1,2,7,0,3,7,0,4,7,0,5,7,0,6,7,0,7,7,0,8,7,0,9,7,0,0,8,0,1,8,0,2,8,0,3,8,0,4,8,0,5,8,0,6,8,1,7,8,0,8,8,1,9,8,1,0,9,0,1,9,1,2,9,1,3,9,0,4,9,0,5,9,0,6,9,0,7,9,0,8,9,0,9,9,1,
29,0,0,0,1,0,0,2,0,1,3,0,0,4,0,0,5,0,0,6,0,1,7,0,0,8,0,0,9,0,1,0,1,0,1,1,0,2,1,0,3,1,0,4,1,0,5,1,0,6,1,1,7,1,0,8,1,0,9,1,0,0,2,1,1,2,0,2,2,0,3,2,0,4,2,0,5,2,0,6,2,0,7,2,0,8,2,1,9,2,0,0,3,0,1,3,0,2,3,0,3,3,0,4,3,0,5,3,1,6,3,0,7,3,1,8,3,1,9,3,0,0,4,0,1,4,0,2,4,0,3,4,0,4,4,0,5,4,1,6,4,0,7,4,0,8,4,0,9,4,1,0,5,0,1,5,0,2,5,0,3,5,0,4,5,0,5,5,0,6,5,1,7,5,0,8,5,1,9,5,0,0,6,0,1,6,0,2,6,0,3,6,1,4,6,0,5,6,1,6,6,1,7,6,1,8,6,0,9,6,0,0,7,1,1,7,1,2,7,0,3,7,0,4,7,0,5,7,0,6,7,0,7,7,0,8,7,0,9,7,0,0,8,0,1,8,0,2,8,0,3,8,0,4,8,0,5,8,0,6,8,0,7,8,0,8,8,1,9,8,1,0,9,0,1,9,1,2,9,1,3,9,1,4,9,0,5,9,0,6,9,0,7,9,0,8,9,0,9,9,1,
30,0,0,0,1,0,0,2,0,1,3,0,0,4,0,0,5,0,0,6,0,0,7,0,0,8,0,0,9,0,1,0,1,1,1,1,0,2,1,1,3,1,0,4,1,0,5,1,0,6,1,1,7,1,0,8,1,0,9,1,1,0,2,1,1,2,0,2,2,0,3,2,0,4,2,0,5,2,0,6,2,0,7,2,0,8,2,1,9,2,0,0,3,0,1,3,0,2,3,0,3,3,0,4,3,0,5,3,1,6,3,0,7,3,1,8,3,1,9,3,0,0,4,0,1,4,1,2,4,0,3,4,0,4,4,1,5,4,0,6,4,0,7,4,0,8,4,0,9,4,0,0,5,0,1,5,0,2,5,0,3,5,0,4,5,0,5,5,1,6,5,1,7,5,0,8,5,1,9,5,0,0,6,0,1,6,0,2,6,0,3,6,1,4,6,0,5,6,0,6,6,1,7,6,1,8,6,0,9,6,1,0,7,1,1,7,1,2,7,0,3,7,0,4,7,1,5,7,0,6,7,0,7,7,0,8,7,0,9,7,0,0,8,0,1,8,0,2,8,0,3,8,0,4,8,0,5,8,0,6,8,1,7,8,0,8,8,1,9,8,1,0,9,0,1,9,1,2,9,1,3,9,1,4,9,0,5,9,0,6,9,0,7,9,0,8,9,0,9,9,1,
31,0,0,0,1,0,0,2,0,1,3,0,0,4,0,0,5,0,0,6,0,0,7,0,0,8,0,0,9,0,1,0,1,1,1,1,0,2,1,0,3,1,0,4,1,0,5,1,0,6,1,1,7,1,0,8,1,0,9,1,0,0,2,1,1,2,1,2,2,0,3,2,0,4,2,0,5,2,0,6,2,0,7,2,0,8,2,1,9,2,0,0,3,1,1,3,0,2,3,0,3,3,0,4,3,0,5,3,1,6,3,0,7,3,1,8,3,1,9,3,0,0,4,0,1,4,1,2,4,0,3,4,0,4,4,1,5,4,0,6,4,0,7,4,0,8,4,0,9,4,0,0,5,0,1,5,0,2,5,0,3,5,0,4,5,0,5,5,0,6,5,1,7,5,0,8,5,1,9,5,0,0,6,0,1,6,0,2,6,0,3,6,0,4,6,0,5,6,0,6,6,1,7,6,1,8,6,0,9,6,1,0,7,1,1,7,0,2,7,0,3,7,0,4,7,0,5,7,0,6,7,0,7,7,0,8,7,0,9,7,0,0,8,0,1,8,0,2,8,0,3,8,0,4,8,0,5,8,0,6,8,1,7,8,0,8,8,1,9,8,1,0,9,0,1,9,1,2,9,0,3,9,1,4,9,0,5,9,0,6,9,0,7,9,0,8,9,0,9,9,1,
32,0,0,1,1,0,0,2,0,1,3,0,0,4,0,0,5,0,0,6,0,1,7,0,0,8,0,0,9,0,0,0,1,1,1,1,0,2,1,1,3,1,0,4,1,0,5,1,0,6,1,1,7,1,0,8,1,0,9,1,1,0,2,1,1,2,0,2,2,0,3,2,0,4,2,1,5,2,0,6,2,0,7,2,0,8,2,1,9,2,0,0,3,0,1,3,0,2,3,0,3,3,0,4,3,0,5,3,1,6,3,0,7,3,0,8,3,1,9,3,0,0,4,0,1,4,0,2,4,1,3,4,0,4,4,1,5,4,0,6,4,0,7,4,1,8,4,0,9,4,1,0,5,0,1,5,0,2,5,0,3,5,0,4,5,0,5,5,0,6,5,1,7,5,0,8,5,1,9,5,0,0,6,0,1,6,0,2,6,0,3,6,0,4,6,0,5,6,0,6,6,1,7,6,0,8,6,0,9,6,0,0,7,1,1,7,0,2,7,0,3,7,0,4,7,0,5,7,1,6,7,0,7,7,0,8,7,0,9,7,0,0,8,0,1,8,0,2,8,0,3,8,0,4,8,0,5,8,0,6,8,1,7,8,1,8,8,0,9,8,1,0,9,0,1,9,0,2,9,0,3,9,0,4,9,0,5,9,0,6,9,0,7,9,0,8,9,0,9,9,1,
33,0,0,1,1,0,0,2,0,1,3,0,0,4,0,0,5,0,1,6,0,0,7,0,0,8,0,0,9,0,0,0,1,1,1,1,0,2,1,1,3,1,0,4,1,0,5,1,0,6,1,1,7,1,0,8,1,0,9,1,1,0,2,1,1,2,1,2,2,0,3,2,0,4,2,1,5,2,0,6,2,0,7,2,0,8,2,1,9,2,0,0,3,0,1,3,0,2,3,0,3,3,0,4,3,0,5,3,1,6,3,0,7,3,0,8,3,1,9,3,0,0,4,0,1,4,1,2,4,1,3,4,0,4,4,1,5,4,1,6,4,0,7,4,1,8,4,0,9,4,1,0,5,0,1,5,1,2,5,0,3,5,0,4,5,0,5,5,0,6,5,1,7,5,0,8,5,1,9,5,0,0,6,0,1,6,0,2,6,0,3,6,0,4,6,0,5,6,0,6,6,1,7,6,1,8,6,0,9,6,0,0,7,1,1,7,1,2,7,0,3,7,0,4,7,0,5,7,1,6,7,0,7,7,0,8,7,0,9,7,0,0,8,0,1,8,0,2,8,0,3,8,0,4,8,0,5,8,0,6,8,1,7,8,1,8,8,0,9,8,1,0,9,0,1,9,0,2,9,0,3,9,0,4,9,0,5,9,0,6,9,0,7,9,1,8,9,0,9,9,1,
34,0,0,1,1,0,0,2,0,1,3,0,0,4,0,0,5,0,1,6,0,0,7,0,0,8,0,0,9,0,0,0,1,0,1,1,0,2,1,1,3,1,0,4,1,0,5,1,0,6,1,1,7,1,0,8,1,0,9,1,0,0,2,1,1,2,1,2,2,0,3,2,0,4,2,1,5,2,0,6,2,0,7,2,0,8,2,1,9,2,0,0,3,1,1,3,0,2,3,0,3,3,0,4,3,0,5,3,1,6,3,0,7,3,0,8,3,1,9,3,0,0,4,0,1,4,0,2,4,1,3,4,0,4,4,0,5,4,1,6,4,0,7,4,1,8,4,0,9,4,0,0,5,0,1,5,1,2,5,0,3,5,0,4,5,1,5,5,1,6,5,1,7,5,0,8,5,0,9,5,0,0,6,0,1,6,0,2,6,0,3,6,1,4,6,0,5,6,1,6,6,1,7,6,1,8,6,0,9,6,0,0,7,1,1,7,1,2,7,0,3,7,0,4,7,0,5,7,0,6,7,0,7,7,0,8,7,0,9,7,0,0,8,0,1,8,0,2,8,0,3,8,0,4,8,0,5,8,0,6,8,1,7,8,1,8,8,0,9,8,1,0,9,0,1,9,0,2,9,0,3,9,0,4,9,0,5,9,0,6,9,0,7,9,1,8,9,0,9,9,1,
35,0,0,1,1,0,0,2,0,1,3,0,0,4,0,0,5,0,1,6,0,0,7,0,0,8,0,0,9,0,0,0,1,1,1,1,0,2,1,0,3,1,0,4,1,0,5,1,0,6,1,1,7,1,0,8,1,0,9,1,1,0,2,1,1,2,1,2,2,0,3,2,0,4,2,1,5,2,0,6,2,0,7,2,0,8,2,1,9,2,0,0,3,1,1,3,0,2,3,0,3,3,0,4,3,0,5,3,1,6,3,0,7,3,0,8,3,1,9,3,0,0,4,0,1,4,0,2,4,0,3,4,0,4,4,0,5,4,0,6,4,0,7,4,1,8,4,0,9,4,1,0,5,0,1,5,1,2,5,0,3,5,0,4,5,1,5,5,0,6,5,1,7,5,0,8,5,0,9,5,0,0,6,0,1,6,0,2,6,0,3,6,1,4,6,0,5,6,0,6,6,1,7,6,1,8,6,0,9,6,0,0,7,0,1,7,1,2,7,0,3,7,0,4,7,0,5,7,0,6,7,0,7,7,0,8,7,0,9,7,1,0,8,0,1,8,0,2,8,1,3,8,0,4,8,0,5,8,0,6,8,0,7,8,0,8,8,0,9,8,1,0,9,0,1,9,0,2,9,0,3,9,0,4,9,0,5,9,0,6,9,0,7,9,1,8,9,0,9,9,1,
36,0,0,1,1,0,0,2,0,1,3,0,0,4,0,0,5,0,0,6,0,1,7,0,0,8,0,0,9,0,0,0,1,1,1,1,0,2,1,0,3,1,0,4,1,0,5,1,0,6,1,1,7,1,0,8,1,0,9,1,0,0,2,0,1,2,1,2,2,0,3,2,0,4,2,1,5,2,0,6,2,0,7,2,0,8,2,1,9,2,0,0,3,0,1,3,0,2,3,0,3,3,0,4,3,0,5,3,1,6,3,0,7,3,1,8,3,1,9,3,0,0,4,0,1,4,0,2,4,0,3,4,0,4,4,1,5,4,0,6,4,0,7,4,1,8,4,0,9,4,1,0,5,0,1,5,0,2,5,0,3,5,1,4,5,1,5,5,1,6,5,1,7,5,0,8,5,0,9,5,0,0,6,1,1,6,0,2,6,0,3,6,1,4,6,0,5,6,1,6,6,1,7,6,1,8,6,0,9,6,1,0,7,0,1,7,1,2,7,0,3,7,0,4,7,1,5,7,0,6,7,0,7,7,0,8,7,0,9,7,1,0,8,0,1,8,0,2,8,1,3,8,0,4,8,0,5,8,0,6,8,0,7,8,0,8,8,0,9,8,1,0,9,0,1,9,0,2,9,0,3,9,0,4,9,0,5,9,0,6,9,0,7,9,1,8,9,0,9,9,1,
37,0,0,1,1,0,0,2,0,1,3,0,0,4,0,0,5,0,0,6,0,1,7,0,0,8,0,0,9,0,0,0,1,1,1,1,0,2,1,1,3,1,0,4,1,0,5,1,1,6,1,1,7,1,0,8,1,0,9,1,0,0,2,1,1,2,0,2,2,0,3,2,0,4,2,1,5,2,0,6,2,0,7,2,0,8,2,1,9,2,0,0,3,1,1,3,0,2,3,0,3,3,0,4,3,0,5,3,1,6,3,0,7,3,1,8,3,1,9,3,0,0,4,0,1,4,1,2,4,0,3,4,0,4,4,1,5,4,0,6,4,0,7,4,1,8,4,0,9,4,1,0,5,0,1,5,0,2,5,0,3,5,1,4,5,1,5,5,1,6,5,1,7,5,0,8,5,0,9,5,0,0,6,0,1,6,0,2,6,0,3,6,1,4,6,0,5,6,1,6,6,1,7,6,1,8,6,0,9,6,1,0,7,0,1,7,0,2,7,0,3,7,0,4,7,0,5,7,0,6,7,0,7,7,0,8,7,0,9,7,1,0,8,0,1,8,0,2,8,1,3,8,0,4,8,0,5,8,0,6,8,0,7,8,0,8,8,0,9,8,1,0,9,0,1,9,1,2,9,0,3,9,0,4,9,0,5,9,0,6,9,0,7,9,1,8,9,0,9,9,1,
38,0,0,1,1,0,0,2,0,1,3,0,0,4,0,0,5,0,0,6,0,1,7,0,1,8,0,0,9,0,0,0,1,1,1,1,0,2,1,1,3,1,0,4,1,0,5,1,1,6,1,1,7,1,0,8,1,0,9,1,1,0,2,1,1,2,1,2,2,0,3,2,0,4,2,1,5,2,0,6,2,0,7,2,0,8,2,1,9,2,0,0,3,0,1,3,0,2,3,0,3,3,0,4,3,0,5,3,1,6,3,0,7,3,0,8,3,1,9,3,0,0,4,0,1,4,1,2,4,0,3,4,0,4,4,1,5,4,0,6,4,0,7,4,1,8,4,0,9,4,0,0,5,0,1,5,0,2,5,0,3,5,1,4,5,1,5,5,0,6,5,1,7,5,0,8,5,0,9,5,0,0,6,0,1,6,0,2,6,0,3,6,1,4,6,0,5,6,1,6,6,0,7,6,0,8,6,0,9,6,0,0,7,0,1,7,1,2,7,0,3,7,0,4,7,0,5,7,0,6,7,0,7,7,0,8,7,0,9,7,1,0,8,0,1,8,0,2,8,1,3,8,0,4,8,0,5,8,0,6,8,0,7,8,1,8,8,0,9,8,1,0,9,0,1,9,1,2,9,0,3,9,0,4,9,0,5,9,0,6,9,0,7,9,1,8,9,0,9,9,1,
39,0,0,1,1,0,0,2,0,1,3,0,0,4,0,0,5,0,0,6,0,1,7,0,1,8,0,0,9,0,0,0,1,1,1,1,0,2,1,0,3,1,0,4,1,0,5,1,1,6,1,1,7,1,0,8,1,0,9,1,0,0,2,1,1,2,1,2,2,0,3,2,0,4,2,1,5,2,0,6,2,0,7,2,0,8,2,1,9,2,0,0,3,1,1,3,0,2,3,0,3,3,0,4,3,0,5,3,0,6,3,0,7,3,0,8,3,1,9,3,0,0,4,0,1,4,0,2,4,0,3,4,0,4,4,0,5,4,0,6,4,0,7,4,1,8,4,0,9,4,1,0,5,0,1,5,0,2,5,0,3,5,0,4,5,1,5,5,1,6,5,1,7,5,0,8,5,0,9,5,0,0,6,0,1,6,0,2,6,0,3,6,1,4,6,0,5,6,1,6,6,1,7,6,1,8,6,0,9,6,0,0,7,0,1,7,0,2,7,0,3,7,0,4,7,0,5,7,0,6,7,0,7,7,0,8,7,0,9,7,1,0,8,0,1,8,0,2,8,1,3,8,0,4,8,0,5,8,0,6,8,1,7,8,0,8,8,0,9,8,1,0,9,0,1,9,1,2,9,1,3,9,0,4,9,0,5,9,0,6,9,0,7,9,1,8,9,0,9,9,1,
40,0,0,0,1,0,0,2,0,1,3,0,0,4,0,0,5,0,0,6,0,1,7,0,1,8,0,0,9,0,0,0,1,1,1,1,0,2,1,0,3,1,0,4,1,0,5,1,1,6,1,1,7,1,0,8,1,0,9,1,0,0,2,1,1,2,0,2,2,0,3,2,0,4,2,1,5,2,0,6,2,0,7,2,0,8,2,1,9,2,0,0,3,0,1,3,0,2,3,0,3,3,0,4,3,0,5,3,0,6,3,0,7,3,0,8,3,1,9,3,0,0,4,0,1,4,0,2,4,0,3,4,0,4,4,0,5,4,1,6,4,0,7,4,0,8,4,0,9,4,0,0,5,0,1,5,0,2,5,0,3,5,0,4,5,1,5,5,0,6,5,1,7,5,0,8,5,1,9,5,0,0,6,0,1,6,0,2,6,0,3,6,1,4,6,0,5,6,1,6,6,1,7,6,0,8,6,0,9,6,0,0,7,0,1,7,1,2,7,0,3,7,0,4,7,1,5,7,0,6,7,0,7,7,0,8,7,0,9,7,1,0,8,0,1,8,0,2,8,1,3,8,0,4,8,0,5,8,0,6,8,1,7,8,0,8,8,0,9,8,1,0,9,0,1,9,1,2,9,1,3,9,0,4,9,0,5,9,0,6,9,0,7,9,1,8,9,0,9,9,1,
41,0,0,0,1,0,0,2,0,1,3,0,0,4,0,0,5,0,0,6,0,1,7,0,1,8,0,0,9,0,0,0,1,1,1,1,0,2,1,1,3,1,0,4,1,0,5,1,1,6,1,1,7,1,0,8,1,0,9,1,0,0,2,1,1,2,0,2,2,0,3,2,0,4,2,1,5,2,0,6,2,0,7,2,0,8,2,1,9,2,0,0,3,0,1,3,0,2,3,0,3,3,0,4,3,0,5,3,0,6,3,0,7,3,1,8,3,1,9,3,0,0,4,0,1,4,1,2,4,1,3,4,0,4,4,0,5,4,1,6,4,0,7,4,0,8,4,0,9,4,1,0,5,0,1,5,1,2,5,0,3,5,0,4,5,1,5,5,1,6,5,1,7,5,0,8,5,1,9,5,0,0,6,0,1,6,0,2,6,0,3,6,1,4,6,0,5,6,0,6,6,1,7,6,0,8,6,0,9,6,0,0,7,0,1,7,0,2,7,0,3,7,0,4,7,1,5,7,0,6,7,0,7,7,1,8,7,0,9,7,1,0,8,0,1,8,0,2,8,1,3,8,0,4,8,0,5,8,0,6,8,1,7,8,1,8,8,1,9,8,1,0,9,0,1,9,1,2,9,1,3,9,0,4,9,0,5,9,0,6,9,0,7,9,0,8,9,0,9,9,1,
42,0,0,0,1,0,0,2,0,1,3,0,0,4,0,0,5,0,0,6,0,1,7,0,1,8,0,0,9,0,0,0,1,1,1,1,0,2,1,1,3,1,0,4,1,0,5,1,1,6,1,1,7,1,0,8,1,0,9,1,0,0,2,1,1,2,0,2,2,0,3,2,0,4,2,1,5,2,0,6,2,0,7,2,0,8,2,1,9,2,0,0,3,0,1,3,0,2,3,0,3,3,0,4,3,0,5,3,0,6,3,0,7,3,1,8,3,1,9,3,0,0,4,0,1,4,0,2,4,0,3,4,0,4,4,0,5,4,0,6,4,0,7,4,0,8,4,0,9,4,1,0,5,0,1,5,1,2,5,0,3,5,0,4,5,1,5,5,0,6,5,0,7,5,0,8,5,0,9,5,0,0,6,0,1,6,0,2,6,0,3,6,1,4,6,0,5,6,0,6,6,1,7,6,0,8,6,0,9,6,0,0,7,0,1,7,1,2,7,0,3,7,0,4,7,1,5,7,1,6,7,0,7,7,1,8,7,0,9,7,1,0,8,0,1,8,0,2,8,1,3,8,0,4,8,0,5,8,0,6,8,1,7,8,1,8,8,1,9,8,1,0,9,0,1,9,1,2,9,1,3,9,0,4,9,0,5,9,0,6,9,0,7,9,1,8,9,0,9,9,1,
43,0,0,0,1,0,0,2,0,1,3,0,0,4,0,0,5,0,0,6,0,1,7,0,1,8,0,0,9,0,1,0,1,1,1,1,0,2,1,1,3,1,0,4,1,0,5,1,1,6,1,1,7,1,0,8,1,0,9,1,1,0,2,1,1,2,1,2,2,0,3,2,0,4,2,1,5,2,0,6,2,0,7,2,0,8,2,1,9,2,0,0,3,0,1,3,0,2,3,0,3,3,0,4,3,0,5,3,0,6,3,0,7,3,1,8,3,1,9,3,0,0,4,0,1,4,1,2,4,0,3,4,0,4,4,0,5,4,0,6,4,0,7,4,0,8,4,0,9,4,1,0,5,0,1,5,1,2,5,0,3,5,0,4,5,1,5,5,0,6,5,0,7,5,0,8,5,0,9,5,0,0,6,1,1,6,0,2,6,0,3,6,1,4,6,0,5,6,0,6,6,1,7,6,0,8,6,0,9,6,0,0,7,0,1,7,1,2,7,0,3,7,0,4,7,0,5,7,1,6,7,0,7,7,1,8,7,0,9,7,1,0,8,0,1,8,0,2,8,1,3,8,0,4,8,0,5,8,0,6,8,1,7,8,0,8,8,1,9,8,1,0,9,0,1,9,1,2,9,1,3,9,0,4,9,0,5,9,0,6,9,0,7,9,1,8,9,0,9,9,1,
44,0,0,0,1,0,0,2,0,1,3,0,0,4,0,0,5,0,0,6,0,1,7,0,1,8,0,0,9,0,0,0,1,1,1,1,0,2,1,0,3,1,0,4,1,0,5,1,1,6,1,1,7,1,0,8,1,0,9,1,0,0,2,1,1,2,0,2,2,0,3,2,0,4,2,1,5,2,0,6,2,0,7,2,0,8,2,1,9,2,0,0,3,0,1,3,0,2,3,0,3,3,0,4,3,0,5,3,0,6,3,0,7,3,1,8,3,1,9,3,0,0,4,0,1,4,1,2,4,0,3,4,0,4,4,0,5,4,1,6,4,0,7,4,1,8,4,0,9,4,1,0,5,0,1,5,1,2,5,0,3,5,0,4,5,1,5,5,0,6,5,0,7,5,0,8,5,0,9,5,0,0,6,1,1,6,0,2,6,0,3,6,1,4,6,0,5,6,1,6,6,0,7,6,0,8,6,0,9,6,0,0,7,0,1,7,0,2,7,0,3,7,0,4,7,1,5,7,1,6,7,0,7,7,0,8,7,0,9,7,1,0,8,0,1,8,0,2,8,1,3,8,0,4,8,0,5,8,0,6,8,1,7,8,1,8,8,0,9,8,1,0,9,0,1,9,1,2,9,1,3,9,0,4,9,0,5,9,1,6,9,0,7,9,1,8,9,0,9,9,1,
45,0,0,0,1,0,0,2,0,1,3,0,0,4,0,0,5,0,0,6,0,0,7,0,1,8,0,0,9,0,0,0,1,0,1,1,0,2,1,1,3,1,0,4,1,0,5,1,1,6,1,1,7,1,0,8,1,0,9,1,1,0,2,1,1,2,0,2,2,0,3,2,0,4,2,1,5,2,0,6,2,0,7,2,0,8,2,1,9,2,0,0,3,1,1,3,0,2,3,1,3,3,0,4,3,0,5,3,0,6,3,0,7,3,0,8,3,1,9,3,0,0,4,0,1,4,0,2,4,0,3,4,0,4,4,0,5,4,1,6,4,0,7,4,0,8,4,0,9,4,1,0,5,0,1,5,1,2,5,0,3,5,0,4,5,1,5,5,0,6,5,0,7,5,0,8,5,0,9,5,0,0,6,1,1,6,0,2,6,0,3,6,1,4,6,0,5,6,1,6,6,0,7,6,0,8,6,0,9,6,0,0,7,0,1,7,0,2,7,0,3,7,0,4,7,0,5,7,0,6,7,0,7,7,0,8,7,0,9,7,1,0,8,0,1,8,0,2,8,1,3,8,0,4,8,0,5,8,0,6,8,1,7,8,1,8,8,0,9,8,1,0,9,0,1,9,1,2,9,1,3,9,0,4,9,0,5,9,1,6,9,0,7,9,1,8,9,1,9,9,1,
46,0,0,0,1,0,0,2,0,1,3,0,0,4,0,0,5,0,0,6,0,0,7,0,1,8,0,0,9,0,0,0,1,0,1,1,0,2,1,0,3,1,0,4,1,0,5,1,1,6,1,1,7,1,0,8,1,0,9,1,0,0,2,1,1,2,1,2,2,0,3,2,0,4,2,1,5,2,0,6,2,0,7,2,0,8,2,1,9,2,0,0,3,1,1,3,0,2,3,1,3,3,0,4,3,0,5,3,0,6,3,0,7,3,0,8,3,1,9,3,0,0,4,0,1,4,0,2,4,0,3,4,0,4,4,0,5,4,0,6,4,0,7,4,1,8,4,0,9,4,1,0,5,0,1,5,1,2,5,0,3,5,0,4,5,1,5,5,1,6,5,0,7,5,0,8,5,0,9,5,0,0,6,1,1,6,0,2,6,0,3,6,1,4,6,0,5,6,1,6,6,0,7,6,0,8,6,0,9,6,0,0,7,0,1,7,0,2,7,0,3,7,0,4,7,1,5,7,0,6,7,0,7,7,0,8,7,0,9,7,1,0,8,0,1,8,0,2,8,1,3,8,0,4,8,0,5,8,0,6,8,0,7,8,1,8,8,0,9,8,1,0,9,0,1,9,1,2,9,1,3,9,0,4,9,0,5,9,1,6,9,0,7,9,1,8,9,1,9,9,1,
47,0,0,0,1,0,0,2,0,1,3,0,0,4,0,0,5,0,0,6,0,0,7,0,0,8,0,0,9,0,1,0,1,1,1,1,0,2,1,0,3,1,0,4,1,0,5,1,1,6,1,1,7,1,0,8,1,0,9,1,1,0,2,1,1,2,0,2,2,0,3,2,0,4,2,1,5,2,0,6,2,0,7,2,0,8,2,1,9,2,0,0,3,1,1,3,0,2,3,0,3,3,0,4,3,0,5,3,0,6,3,0,7,3,0,8,3,1,9,3,0,0,4,0,1,4,1,2,4,0,3,4,0,4,4,1,5,4,0,6,4,0,7,4,0,8,4,0,9,4,1,0,5,0,1,5,1,2,5,0,3,5,0,4,5,1,5,5,0,6,5,1,7,5,0,8,5,0,9,5,0,0,6,1,1,6,0,2,6,0,3,6,1,4,6,0,5,6,1,6,6,0,7,6,0,8,6,0,9,6,0,0,7,0,1,7,0,2,7,0,3,7,0,4,7,1,5,7,0,6,7,0,7,7,0,8,7,0,9,7,0,0,8,0,1,8,0,2,8,1,3,8,0,4,8,0,5,8,0,6,8,1,7,8,0,8,8,1,9,8,1,0,9,0,1,9,0,2,9,1,3,9,0,4,9,0,5,9,1,6,9,0,7,9,1,8,9,1,9,9,1,
48,0,0,0,1,0,0,2,0,1,3,0,0,4,0,0,5,0,0,6,0,0,7,0,0,8,0,0,9,0,1,0,1,1,1,1,0,2,1,0,3,1,0,4,1,0,5,1,1,6,1,1,7,1,0,8,1,0,9,1,0,0,2,0,1,2,0,2,2,0,3,2,0,4,2,1,5,2,0,6,2,0,7,2,0,8,2,1,9,2,0,0,3,0,1,3,0,2,3,0,3,3,0,4,3,0,5,3,0,6,3,0,7,3,1,8,3,1,9,3,0,0,4,0,1,4,1,2,4,0,3,4,0,4,4,1,5,4,0,6,4,0,7,4,1,8,4,0,9,4,1,0,5,0,1,5,1,2,5,0,3,5,1,4,5,1,5,5,1,6,5,1,7,5,0,8,5,0,9,5,0,0,6,1,1,6,0,2,6,0,3,6,1,4,6,0,5,6,1,6,6,0,7,6,0,8,6,0,9,6,0,0,7,0,1,7,0,2,7,0,3,7,0,4,7,1,5,7,0,6,7,0,7,7,0,8,7,0,9,7,0,0,8,0,1,8,0,2,8,1,3,8,0,4,8,0,5,8,0,6,8,1,7,8,1,8,8,0,9,8,1,0,9,0,1,9,0,2,9,1,3,9,0,4,9,0,5,9,1,6,9,0,7,9,1,8,9,1,9,9,1,
49,0,0,0,1,0,0,2,0,1,3,0,0,4,0,0,5,0,0,6,0,0,7,0,1,8,0,0,9,0,1,0,1,1,1,1,0,2,1,1,3,1,0,4,1,0,5,1,1,6,1,1,7,1,0,8,1,0,9,1,1,0,2,0,1,2,0,2,2,0,3,2,0,4,2,1,5,2,0,6,2,0,7,2,0,8,2,1,9,2,0,0,3,1,1,3,0,2,3,0,3,3,0,4,3,0,5,3,0,6,3,0,7,3,1,8,3,1,9,3,0,0,4,0,1,4,1,2,4,0,3,4,0,4,4,0,5,4,0,6,4,0,7,4,1,8,4,0,9,4,1,0,5,0,1,5,0,2,5,0,3,5,0,4,5,1,5,5,1,6,5,1,7,5,0,8,5,0,9,5,0,0,6,1,1,6,0,2,6,0,3,6,1,4,6,0,5,6,1,6,6,0,7,6,1,8,6,0,9,6,0,0,7,0,1,7,0,2,7,0,3,7,0,4,7,0,5,7,0,6,7,0,7,7,0,8,7,0,9,7,0,0,8,0,1,8,0,2,8,1,3,8,0,4,8,0,5,8,0,6,8,1,7,8,0,8,8,1,9,8,1,0,9,0,1,9,0,2,9,1,3,9,0,4,9,0,5,9,1,6,9,0,7,9,1,8,9,1,9,9,1,
50,0,0,0,1,0,0,2,0,1,3,0,0,4,0,0,5,0,0,6,0,1,7,0,1,8,0,0,9,0,1,0,1,1,1,1,0,2,1,1,3,1,0,4,1,0,5,1,1,6,1,1,7,1,0,8,1,0,9,1,0,0,2,0,1,2,0,2,2,0,3,2,0,4,2,0,5,2,0,6,2,0,7,2,0,8,2,0,9,2,0,0,3,0,1,3,0,2,3,0,3,3,0,4,3,0,5,3,0,6,3,0,7,3,0,8,3,1,9,3,0,0,4,0,1,4,1,2,4,0,3,4,0,4,4,1,5,4,0,6,4,0,7,4,1,8,4,0,9,4,0,0,5,0,1,5,0,2,5,0,3,5,0,4,5,1,5,5,0,6,5,1,7,5,0,8,5,0,9,5,0,0,6,1,1,6,0,2,6,0,3,6,1,4,6,0,5,6,1,6,6,0,7,6,1,8,6,0,9,6,0,0,7,0,1,7,1,2,7,0,3,7,0,4,7,0,5,7,0,6,7,0,7,7,0,8,7,0,9,7,0,0,8,0,1,8,0,2,8,0,3,8,0,4,8,0,5,8,0,6,8,1,7,8,0,8,8,1,9,8,1,0,9,0,1,9,0,2,9,1,3,9,0,4,9,0,5,9,1,6,9,0,7,9,1,8,9,1,9,9,1,
51,0,0,1,1,0,0,2,0,1,3,0,0,4,0,0,5,0,0,6,0,1,7,0,1,8,0,0,9,0,1,0,1,0,1,1,0,2,1,0,3,1,0,4,1,0,5,1,1,6,1,1,7,1,0,8,1,0,9,1,0,0,2,1,1,2,1,2,2,0,3,2,0,4,2,1,5,2,0,6,2,0,7,2,0,8,2,0,9,2,0,0,3,1,1,3,0,2,3,0,3,3,0,4,3,0,5,3,0,6,3,0,7,3,0,8,3,1,9,3,0,0,4,0,1,4,0,2,4,0,3,4,0,4,4,1,5,4,1,6,4,0,7,4,0,8,4,0,9,4,0,0,5,0,1,5,1,2,5,0,3,5,0,4,5,0,5,5,1,6,5,1,7,5,0,8,5,0,9,5,0,0,6,1,1,6,0,2,6,0,3,6,1,4,6,0,5,6,0,6,6,1,7,6,0,8,6,0,9,6,0,0,7,0,1,7,1,2,7,0,3,7,0,4,7,1,5,7,0,6,7,0,7,7,0,8,7,0,9,7,0,0,8,0,1,8,0,2,8,1,3,8,0,4,8,0,5,8,0,6,8,1,7,8,1,8,8,0,9,8,1,0,9,0,1,9,0,2,9,0,3,9,1,4,9,0,5,9,1,6,9,0,7,9,1,8,9,1,9,9,1,
52,0,0,1,1,0,0,2,0,0,3,0,0,4,0,0,5,0,0,6,0,1,7,0,0,8,0,0,9,0,0,0,1,0,1,1,0,2,1,0,3,1,0,4,1,0,5,1,1,6,1,1,7,1,0,8,1,0,9,1,0,0,2,1,1,2,1,2,2,0,3,2,0,4,2,1,5,2,0,6,2,0,7,2,0,8,2,0,9,2,0,0,3,0,1,3,0,2,3,0,3,3,0,4,3,0,5,3,0,6,3,0,7,3,0,8,3,1,9,3,0,0,4,0,1,4,1,2,4,0,3,4,0,4,4,1,5,4,1,6,4,0,7,4,0,8,4,0,9,4,0,0,5,0,1,5,1,2,5,0,3,5,0,4,5,1,5,5,0,6,5,1,7,5,0,8,5,0,9,5,0,0,6,1,1,6,0,2,6,0,3,6,1,4,6,0,5,6,0,6,6,0,7,6,1,8,6,0,9,6,0,0,7,0,1,7,0,2,7,0,3,7,0,4,7,1,5,7,0,6,7,0,7,7,0,8,7,0,9,7,0,0,8,0,1,8,0,2,8,1,3,8,0,4,8,0,5,8,0,6,8,1,7,8,1,8,8,0,9,8,1,0,9,0,1,9,0,2,9,0,3,9,0,4,9,0,5,9,1,6,9,0,7,9,1,8,9,1,9,9,1,
53,0,0,1,1,0,0,2,0,0,3,0,0,4,0,0,5,0,0,6,0,0,7,0,0,8,0,0,9,0,0,0,1,0,1,1,0,2,1,0,3,1,0,4,1,0,5,1,1,6,1,1,7,1,0,8,1,0,9,1,1,0,2,1,1,2,0,2,2,0,3,2,0,4,2,1,5,2,0,6,2,0,7,2,0,8,2,0,9,2,0,0,3,0,1,3,0,2,3,0,3,3,0,4,3,0,5,3,0,6,3,0,7,3,0,8,3,1,9,3,0,0,4,0,1,4,1,2,4,0,3,4,0,4,4,1,5,4,1,6,4,0,7,4,0,8,4,0,9,4,0,0,5,0,1,5,1,2,5,0,3,5,0,4,5,1,5,5,1,6,5,1,7,5,0,8,5,0,9,5,0,0,6,1,1,6,0,2,6,0,3,6,0,4,6,0,5,6,1,6,6,0,7,6,0,8,6,0,9,6,0,0,7,0,1,7,0,2,7,0,3,7,0,4,7,1,5,7,1,6,7,0,7,7,0,8,7,0,9,7,0,0,8,0,1,8,0,2,8,1,3,8,0,4,8,0,5,8,0,6,8,1,7,8,1,8,8,0,9,8,1,0,9,0,1,9,0,2,9,0,3,9,0,4,9,0,5,9,1,6,9,0,7,9,1,8,9,1,9,9,1,
54,0,0,1,1,0,0,2,0,0,3,0,0,4,0,0,5,0,0,6,0,0,7,0,1,8,0,0,9,0,0,0,1,1,1,1,0,2,1,1,3,1,0,4,1,0,5,1,1,6,1,1,7,1,0,8,1,0,9,1,0,0,2,1,1,2,1,2,2,0,3,2,0,4,2,1,5,2,0,6,2,0,7,2,0,8,2,0,9,2,0,0,3,1,1,3,0,2,3,1,3,3,0,4,3,0,5,3,0,6,3,0,7,3,0,8,3,1,9,3,0,0,4,0,1,4,1,2,4,0,3,4,0,4,4,0,5,4,1,6,4,0,7,4,0,8,4,0,9,4,1,0,5,0,1,5,0,2,5,0,3,5,0,4,5,0,5,5,1,6,5,1,7,5,0,8,5,0,9,5,0,0,6,0,1,6,0,2,6,0,3,6,0,4,6,0,5,6,0,6,6,1,7,6,0,8,6,0,9,6,0,0,7,0,1,7,0,2,7,0,3,7,0,4,7,0,5,7,1,6,7,0,7,7,0,8,7,0,9,7,0,0,8,0,1,8,0,2,8,0,3,8,0,4,8,0,5,8,0,6,8,0,7,8,1,8,8,0,9,8,0,0,9,0,1,9,1,2,9,0,3,9,0,4,9,0,5,9,1,6,9,0,7,9,1,8,9,1,9,9,1,
55,0,0,1,1,0,0,2,0,0,3,0,0,4,0,0,5,0,0,6,0,0,7,0,0,8,0,0,9,0,0,0,1,0,1,1,0,2,1,1,3,1,0,4,1,0,5,1,1,6,1,1,7,1,0,8,1,0,9,1,1,0,2,1,1,2,0,2,2,0,3,2,0,4,2,1,5,2,0,6,2,0,7,2,0,8,2,0,9,2,0,0,3,1,1,3,0,2,3,1,3,3,0,4,3,0,5,3,0,6,3,0,7,3,0,8,3,1,9,3,0,0,4,0,1,4,0,2,4,0,3,4,0,4,4,0,5,4,1,6,4,0,7,4,0,8,4,0,9,4,0,0,5,0,1,5,0,2,5,0,3,5,0,4,5,0,5,5,1,6,5,1,7,5,0,8,5,0,9,5,0,0,6,0,1,6,0,2,6,0,3,6,0,4,6,0,5,6,0,6,6,1,7,6,0,8,6,0,9,6,1,0,7,1,1,7,1,2,7,0,3,7,0,4,7,0,5,7,1,6,7,0,7,7,0,8,7,0,9,7,1,0,8,0,1,8,0,2,8,0,3,8,0,4,8,0,5,8,0,6,8,0,7,8,1,8,8,0,9,8,0,0,9,0,1,9,1,2,9,1,3,9,0,4,9,0,5,9,1,6,9,0,7,9,1,8,9,1,9,9,1,
56,0,0,1,1,0,0,2,0,0,3,0,0,4,0,0,5,0,0,6,0,0,7,0,0,8,0,0,9,0,0,0,1,0,1,1,0,2,1,0,3,1,0,4,1,0,5,1,1,6,1,1,7,1,0,8,1,0,9,1,1,0,2,1,1,2,0,2,2,0,3,2,0,4,2,1,5,2,0,6,2,0,7,2,0,8,2,0,9,2,0,0,3,0,1,3,0,2,3,1,3,3,0,4,3,0,5,3,0,6,3,0,7,3,0,8,3,1,9,3,0,0,4,0,1,4,0,2,4,0,3,4,0,4,4,0,5,4,1,6,4,0,7,4,0,8,4,0,9,4,0,0,5,0,1,5,0,2,5,0,3,5,0,4,5,1,5,5,0,6,5,1,7,5,0,8,5,0,9,5,0,0,6,0,1,6,0,2,6,0,3,6,0,4,6,0,5,6,1,6,6,1,7,6,0,8,6,0,9,6,1,0,7,1,1,7,1,2,7,0,3,7,0,4,7,0,5,7,1,6,7,0,7,7,0,8,7,0,9,7,1,0,8,0,1,8,0,2,8,0,3,8,0,4,8,0,5,8,0,6,8,0,7,8,1,8,8,1,9,8,0,0,9,0,1,9,0,2,9,1,3,9,0,4,9,0,5,9,1,6,9,0,7,9,1,8,9,1,9,9,1,
57,0,0,1,1,0,0,2,0,0,3,0,0,4,0,0,5,0,0,6,0,0,7,0,0,8,0,0,9,0,0,0,1,0,1,1,0,2,1,0,3,1,0,4,1,0,5,1,1,6,1,1,7,1,0,8,1,0,9,1,1,0,2,1,1,2,1,2,2,0,3,2,0,4,2,1,5,2,0,6,2,0,7,2,0,8,2,0,9,2,0,0,3,0,1,3,0,2,3,1,3,3,0,4,3,0,5,3,0,6,3,0,7,3,0,8,3,1,9,3,0,0,4,0,1,4,0,2,4,0,3,4,0,4,4,1,5,4,0,6,4,0,7,4,0,8,4,0,9,4,0,0,5,0,1,5,0,2,5,0,3,5,0,4,5,1,5,5,1,6,5,1,7,5,0,8,5,0,9,5,0,0,6,1,1,6,0,2,6,0,3,6,0,4,6,0,5,6,1,6,6,1,7,6,0,8,6,0,9,6,1,0,7,1,1,7,1,2,7,0,3,7,0,4,7,1,5,7,0,6,7,0,7,7,0,8,7,0,9,7,1,0,8,0,1,8,0,2,8,0,3,8,0,4,8,0,5,8,0,6,8,1,7,8,0,8,8,1,9,8,0,0,9,0,1,9,0,2,9,1,3,9,0,4,9,0,5,9,1,6,9,1,7,9,1,8,9,1,9,9,1,
58,0,0,1,1,0,0,2,0,0,3,0,0,4,0,0,5,0,0,6,0,0,7,0,0,8,0,0,9,0,0,0,1,0,1,1,0,2,1,1,3,1,0,4,1,0,5,1,1,6,1,1,7,1,0,8,1,0,9,1,0,0,2,1,1,2,0,2,2,0,3,2,0,4,2,1,5,2,0,6,2,0,7,2,0,8,2,0,9,2,0,0,3,1,1,3,0,2,3,0,3,3,0,4,3,0,5,3,0,6,3,0,7,3,0,8,3,1,9,3,0,0,4,0,1,4,0,2,4,0,3,4,0,4,4,1,5,4,0,6,4,0,7,4,0,8,4,0,9,4,1,0,5,0,1,5,1,2,5,0,3,5,0,4,5,1,5,5,1,6,5,1,7,5,0,8,5,0,9,5,0,0,6,1,1,6,0,2,6,0,3,6,0,4,6,0,5,6,1,6,6,1,7,6,0,8,6,0,9,6,1,0,7,1,1,7,1,2,7,0,3,7,0,4,7,1,5,7,0,6,7,0,7,7,0,8,7,0,9,7,1,0,8,0,1,8,0,2,8,1,3,8,0,4,8,0,5,8,0,6,8,1,7,8,1,8,8,1,9,8,1,0,9,0,1,9,0,2,9,1,3,9,0,4,9,0,5,9,1,6,9,1,7,9,1,8,9,1,9,9,1,
59,0,0,1,1,0,0,2,0,0,3,0,0,4,0,0,5,0,0,6,0,0,7,0,0,8,0,0,9,0,1,0,1,0,1,1,0,2,1,1,3,1,0,4,1,0,5,1,1,6,1,1,7,1,0,8,1,0,9,1,1,0,2,1,1,2,1,2,2,0,3,2,0,4,2,1,5,2,0,6,2,0,7,2,0,8,2,0,9,2,0,0,3,1,1,3,0,2,3,1,3,3,0,4,3,0,5,3,0,6,3,0,7,3,0,8,3,1,9,3,0,0,4,0,1,4,0,2,4,0,3,4,0,4,4,0,5,4,0,6,4,0,7,4,0,8,4,0,9,4,1,0,5,0,1,5,1,2,5,0,3,5,1,4,5,1,5,5,1,6,5,1,7,5,0,8,5,0,9,5,0,0,6,1,1,6,0,2,6,0,3,6,0,4,6,0,5,6,1,6,6,1,7,6,0,8,6,0,9,6,1,0,7,1,1,7,1,2,7,0,3,7,0,4,7,0,5,7,0,6,7,0,7,7,0,8,7,0,9,7,1,0,8,0,1,8,0,2,8,1,3,8,0,4,8,0,5,8,0,6,8,0,7,8,0,8,8,1,9,8,1,0,9,0,1,9,1,2,9,1,3,9,0,4,9,0,5,9,1,6,9,1,7,9,1,8,9,1,9,9,1,
60,0,0,1,1,0,0,2,0,0,3,0,0,4,0,0,5,0,0,6,0,0,7,0,0,8,0,0,9,0,1,0,1,0,1,1,0,2,1,0,3,1,0,4,1,0,5,1,1,6,1,1,7,1,0,8,1,0,9,1,0,0,2,0,1,2,0,2,2,0,3,2,0,4,2,1,5,2,0,6,2,0,7,2,0,8,2,0,9,2,0,0,3,1,1,3,0,2,3,1,3,3,0,4,3,0,5,3,0,6,3,0,7,3,0,8,3,1,9,3,0,0,4,0,1,4,0,2,4,1,3,4,0,4,4,1,5,4,0,6,4,0,7,4,1,8,4,0,9,4,0,0,5,0,1,5,1,2,5,0,3,5,1,4,5,1,5,5,0,6,5,0,7,5,0,8,5,0,9,5,0,0,6,0,1,6,0,2,6,0,3,6,0,4,6,0,5,6,1,6,6,1,7,6,0,8,6,0,9,6,1,0,7,1,1,7,1,2,7,0,3,7,0,4,7,0,5,7,0,6,7,0,7,7,0,8,7,0,9,7,1,0,8,0,1,8,0,2,8,1,3,8,0,4,8,0,5,8,0,6,8,1,7,8,1,8,8,1,9,8,1,0,9,0,1,9,1,2,9,0,3,9,0,4,9,0,5,9,1,6,9,1,7,9,1,8,9,0,9,9,1,
61,0,0,1,1,0,0,2,0,0,3,0,0,4,0,0,5,0,0,6,0,0,7,0,0,8,0,0,9,0,1,0,1,0,1,1,0,2,1,1,3,1,0,4,1,0,5,1,1,6,1,1,7,1,0,8,1,0,9,1,0,0,2,1,1,2,0,2,2,0,3,2,0,4,2,1,5,2,0,6,2,0,7,2,0,8,2,0,9,2,0,0,3,0,1,3,0,2,3,0,3,3,0,4,3,0,5,3,0,6,3,0,7,3,0,8,3,1,9,3,0,0,4,0,1,4,0,2,4,1,3,4,0,4,4,1,5,4,0,6,4,0,7,4,1,8,4,0,9,4,1,0,5,0,1,5,1,2,5,0,3,5,0,4,5,1,5,5,0,6,5,0,7,5,0,8,5,0,9,5,0,0,6,1,1,6,0,2,6,0,3,6,0,4,6,0,5,6,1,6,6,1,7,6,0,8,6,0,9,6,1,0,7,0,1,7,0,2,7,0,3,7,0,4,7,0,5,7,1,6,7,0,7,7,0,8,7,0,9,7,1,0,8,0,1,8,0,2,8,0,3,8,0,4,8,0,5,8,0,6,8,0,7,8,0,8,8,0,9,8,1,0,9,0,1,9,1,2,9,0,3,9,1,4,9,0,5,9,1,6,9,1,7,9,1,8,9,0,9,9,1,
62,0,0,1,1,0,0,2,0,0,3,0,0,4,0,0,5,0,0,6,0,0,7,0,0,8,0,0,9,0,1,0,1,1,1,1,0,2,1,0,3,1,0,4,1,0,5,1,1,6,1,0,7,1,0,8,1,0,9,1,0,0,2,1,1,2,1,2,2,0,3,2,0,4,2,1,5,2,0,6,2,0,7,2,0,8,2,0,9,2,0,0,3,0,1,3,0,2,3,0,3,3,0,4,3,0,5,3,0,6,3,0,7,3,0,8,3,1,9,3,0,0,4,0,1,4,1,2,4,1,3,4,0,4,4,1,5,4,0,6,4,0,7,4,1,8,4,0,9,4,1,0,5,0,1,5,1,2,5,0,3,5,1,4,5,1,5,5,0,6,5,0,7,5,0,8,5,0,9,5,0,0,6,1,1,6,0,2,6,0,3,6,0,4,6,0,5,6,0,6,6,1,7,6,0,8,6,0,9,6,0,0,7,1,1,7,1,2,7,0,3,7,0,4,7,0,5,7,1,6,7,0,7,7,0,8,7,0,9,7,1,0,8,0,1,8,0,2,8,1,3,8,0,4,8,0,5,8,0,6,8,0,7,8,1,8,8,0,9,8,1,0,9,0,1,9,1,2,9,1,3,9,1,4,9,0,5,9,1,6,9,1,7,9,1,8,9,0,9,9,1,
63,0,0,1,1,0,0,2,0,0,3,0,0,4,0,0,5,0,0,6,0,0,7,0,0,8,0,0,9,0,0,0,1,0,1,1,0,2,1,0,3,1,0,4,1,0,5,1,1,6,1,0,7,1,0,8,1,0,9,1,1,0,2,1,1,2,1,2,2,0,3,2,0,4,2,1,5,2,0,6,2,0,7,2,0,8,2,0,9,2,0,0,3,0,1,3,0,2,3,1,3,3,0,4,3,0,5,3,0,6,3,0,7,3,0,8,3,1,9,3,0,0,4,0,1,4,1,2,4,1,3,4,0,4,4,1,5,4,0,6,4,0,7,4,1,8,4,0,9,4,0,0,5,0,1,5,1,2,5,0,3,5,1,4,5,0,5,5,1,6,5,0,7,5,0,8,5,0,9,5,0,0,6,1,1,6,0,2,6,0,3,6,0,4,6,0,5,6,0,6,6,1,7,6,0,8,6,0,9,6,1,0,7,1,1,7,0,2,7,0,3,7,0,4,7,1,5,7,0,6,7,0,7,7,0,8,7,0,9,7,1,0,8,0,1,8,0,2,8,1,3,8,0,4,8,0,5,8,0,6,8,0,7,8,0,8,8,0,9,8,1,0,9,0,1,9,1,2,9,1,3,9,1,4,9,0,5,9,1,6,9,1,7,9,1,8,9,0,9,9,1,
64,0,0,1,1,0,0,2,0,0,3,0,0,4,0,0,5,0,0,6,0,0,7,0,0,8,0,0,9,0,0,0,1,0,1,1,0,2,1,1,3,1,0,4,1,0,5,1,1,6,1,0,7,1,0,8,1,0,9,1,0,0,2,0,1,2,0,2,2,0,3,2,0,4,2,1,5,2,0,6,2,0,7,2,0,8,2,0,9,2,0,0,3,1,1,3,0,2,3,1,3,3,0,4,3,0,5,3,0,6,3,0,7,3,0,8,3,1,9,3,0,0,4,0,1,4,0,2,4,1,3,4,0,4,4,1,5,4,0,6,4,0,7,4,1,8,4,0,9,4,0,0,5,0,1,5,1,2,5,0,3,5,0,4,5,0,5,5,1,6,5,0,7,5,0,8,5,0,9,5,0,0,6,1,1,6,0,2,6,0,3,6,0,4,6,0,5,6,0,6,6,1,7,6,0,8,6,0,9,6,1,0,7,1,1,7,1,2,7,0,3,7,0,4,7,1,5,7,0,6,7,0,7,7,0,8,7,0,9,7,1,0,8,0,1,8,0,2,8,1,3,8,0,4,8,0,5,8,0,6,8,1,7,8,0,8,8,0,9,8,1,0,9,0,1,9,1,2,9,1,3,9,0,4,9,0,5,9,1,6,9,1,7,9,0,8,9,0,9,9,1,
65,0,0,1,1,0,0,2,0,0,3,0,0,4,0,0,5,0,0,6,0,0,7,0,0,8,0,0,9,0,1,0,1,0,1,1,0,2,1,1,3,1,0,4,1,0,5,1,1,6,1,0,7,1,0,8,1,0,9,1,1,0,2,0,1,2,0,2,2,0,3,2,0,4,2,1,5,2,0,6,2,0,7,2,0,8,2,0,9,2,0,0,3,0,1,3,0,2,3,1,3,3,0,4,3,0,5,3,0,6,3,0,7,3,0,8,3,1,9,3,0,0,4,0,1,4,1,2,4,0,3,4,0,4,4,1,5,4,0,6,4,0,7,4,0,8,4,0,9,4,1,0,5,0,1,5,1,2,5,0,3,5,1,4,5,0,5,5,0,6,5,0,7,5,0,8,5,0,9,5,0,0,6,1,1,6,0,2,6,0,3,6,0,4,6,0,5,6,0,6,6,0,7,6,0,8,6,0,9,6,0,0,7,1,1,7,0,2,7,0,3,7,0,4,7,1,5,7,0,6,7,0,7,7,0,8,7,0,9,7,0,0,8,0,1,8,0,2,8,1,3,8,0,4,8,0,5,8,0,6,8,0,7,8,1,8,8,0,9,8,1,0,9,0,1,9,1,2,9,0,3,9,0,4,9,0,5,9,1,6,9,1,7,9,1,8,9,1,9,9,1,
66,0,0,1,1,0,0,2,0,0,3,0,0,4,0,0,5,0,0,6,0,1,7,0,1,8,0,0,9,0,1,0,1,0,1,1,0,2,1,0,3,1,0,4,1,0,5,1,1,6,1,0,7,1,0,8,1,0,9,1,1,0,2,0,1,2,0,2,2,0,3,2,0,4,2,1,5,2,0,6,2,0,7,2,0,8,2,0,9,2,0,0,3,1,1,3,0,2,3,1,3,3,0,4,3,0,5,3,0,6,3,0,7,3,1,8,3,1,9,3,0,0,4,0,1,4,1,2,4,0,3,4,0,4,4,0,5,4,0,6,4,0,7,4,0,8,4,0,9,4,1,0,5,0,1,5,1,2,5,0,3,5,1,4,5,0,5,5,1,6,5,0,7,5,0,8,5,1,9,5,0,0,6,1,1,6,0,2,6,0,3,6,0,4,6,0,5,6,0,6,6,1,7,6,1,8,6,0,9,6,0,0,7,1,1,7,0,2,7,0,3,7,0,4,7,0,5,7,1,6,7,0,7,7,0,8,7,0,9,7,0,0,8,0,1,8,0,2,8,0,3,8,0,4,8,0,5,8,0,6,8,1,7,8,1,8,8,0,9,8,1,0,9,0,1,9,1,2,9,0,3,9,0,4,9,0,5,9,1,6,9,1,7,9,1,8,9,1,9,9,0,
67,0,0,1,1,0,0,2,0,0,3,0,0,4,0,0,5,0,0,6,0,1,7,0,1,8,0,0,9,0,1,0,1,0,1,1,0,2,1,0,3,1,0,4,1,0,5,1,1,6,1,0,7,1,0,8,1,0,9,1,1,0,2,1,1,2,1,2,2,0,3,2,0,4,2,1,5,2,0,6,2,0,7,2,0,8,2,0,9,2,0,0,3,0,1,3,0,2,3,1,3,3,0,4,3,0,5,3,0,6,3,0,7,3,1,8,3,1,9,3,0,0,4,0,1,4,1,2,4,0,3,4,0,4,4,0,5,4,0,6,4,0,7,4,0,8,4,0,9,4,0,0,5,0,1,5,1,2,5,0,3,5,1,4,5,0,5,5,1,6,5,1,7,5,0,8,5,0,9,5,0,0,6,1,1,6,0,2,6,0,3,6,0,4,6,0,5,6,1,6,6,1,7,6,1,8,6,0,9,6,0,0,7,1,1,7,1,2,7,0,3,7,0,4,7,0,5,7,0,6,7,0,7,7,0,8,7,0,9,7,0,0,8,0,1,8,0,2,8,1,3,8,0,4,8,0,5,8,0,6,8,1,7,8,1,8,8,0,9,8,1,0,9,0,1,9,1,2,9,0,3,9,0,4,9,0,5,9,1,6,9,1,7,9,1,8,9,1,9,9,0,
68,0,0,1,1,0,0,2,0,0,3,0,0,4,0,0,5,0,0,6,0,0,7,0,1,8,0,0,9,0,1,0,1,0,1,1,0,2,1,1,3,1,0,4,1,0,5,1,1,6,1,0,7,1,0,8,1,0,9,1,0,0,2,1,1,2,0,2,2,0,3,2,0,4,2,1,5,2,0,6,2,0,7,2,0,8,2,0,9,2,0,0,3,0,1,3,0,2,3,1,3,3,0,4,3,0,5,3,0,6,3,0,7,3,1,8,3,1,9,3,0,0,4,0,1,4,0,2,4,0,3,4,0,4,4,0,5,4,0,6,4,0,7,4,0,8,4,0,9,4,1,0,5,0,1,5,1,2,5,0,3,5,1,4,5,0,5,5,1,6,5,1,7,5,0,8,5,0,9,5,0,0,6,1,1,6,0,2,6,0,3,6,0,4,6,0,5,6,1,6,6,1,7,6,1,8,6,0,9,6,0,0,7,1,1,7,0,2,7,0,3,7,0,4,7,0,5,7,0,6,7,0,7,7,0,8,7,0,9,7,0,0,8,0,1,8,0,2,8,1,3,8,0,4,8,0,5,8,0,6,8,1,7,8,0,8,8,0,9,8,1,0,9,0,1,9,1,2,9,0,3,9,0,4,9,0,5,9,1,6,9,1,7,9,0,8,9,1,9,9,0,
69,0,0,1,1,0,0,2,0,0,3,0,0,4,0,0,5,0,0,6,0,0,7,0,1,8,0,0,9,0,1,0,1,1,1,1,0,2,1,1,3,1,0,4,1,0,5,1,1,6,1,0,7,1,0,8,1,0,9,1,1,0,2,1,1,2,0,2,2,0,3,2,0,4,2,1,5,2,0,6,2,0,7,2,0,8,2,0,9,2,0,0,3,1,1,3,0,2,3,1,3,3,0,4,3,0,5,3,0,6,3,0,7,3,1,8,3,1,9,3,0,0,4,0,1,4,1,2,4,0,3,4,0,4,4,1,5,4,0,6,4,0,7,4,0,8,4,0,9,4,0,0,5,0,1,5,0,2,5,0,3,5,1,4,5,0,5,5,0,6,5,1,7,5,0,8,5,0,9,5,0,0,6,1,1,6,0,2,6,0,3,6,0,4,6,0,5,6,1,6,6,1,7,6,1,8,6,0,9,6,0,0,7,1,1,7,1,2,7,0,3,7,0,4,7,1,5,7,0,6,7,0,7,7,0,8,7,0,9,7,0,0,8,0,1,8,0,2,8,1,3,8,0,4,8,0,5,8,0,6,8,1,7,8,1,8,8,0,9,8,0,0,9,0,1,9,1,2,9,0,3,9,0,4,9,0,5,9,1,6,9,1,7,9,0,8,9,1,9,9,0,
70,0,0,1,1,0,0,2,0,0,3,0,0,4,0,0,5,0,0,6,0,0,7,0,1,8,0,0,9,0,1,0,1,1,1,1,0,2,1,0,3,1,0,4,1,0,5,1,1,6,1,0,7,1,0,8,1,0,9,1,0,0,2,1,1,2,0,2,2,0,3,2,0,4,2,1,5,2,0,6,2,0,7,2,0,8,2,0,9,2,0,0,3,0,1,3,0,2,3,1,3,3,0,4,3,0,5,3,0,6,3,0,7,3,1,8,3,1,9,3,0,0,4,0,1,4,0,2,4,1,3,4,0,4,4,0,5,4,0,6,4,0,7,4,1,8,4,0,9,4,0,0,5,0,1,5,0,2,5,0,3,5,0,4,5,0,5,5,0,6,5,1,7,5,0,8,5,0,9,5,0,0,6,1,1,6,0,2,6,0,3,6,0,4,6,0,5,6,1,6,6,1,7,6,1,8,6,0,9,6,0,0,7,1,1,7,1,2,7,0,3,7,0,4,7,0,5,7,0,6,7,0,7,7,0,8,7,0,9,7,0,0,8,0,1,8,0,2,8,1,3,8,0,4,8,0,5,8,0,6,8,1,7,8,1,8,8,0,9,8,0,0,9,0,1,9,1,2,9,0,3,9,0,4,9,0,5,9,1,6,9,1,7,9,0,8,9,1,9,9,0,
71,0,0,1,1,0,0,2,0,0,3,0,0,4,0,0,5,0,0,6,0,0,7,0,1,8,0,0,9,0,1,0,1,1,1,1,0,2,1,1,3,1,0,4,1,0,5,1,1,6,1,0,7,1,0,8,1,0,9,1,0,0,2,1,1,2,0,2,2,0,3,2,0,4,2,1,5,2,0,6,2,0,7,2,0,8,2,0,9,2,0,0,3,1,1,3,0,2,3,1,3,3,0,4,3,0,5,3,0,6,3,0,7,3,1,8,3,1,9,3,0,0,4,0,1,4,0,2,4,1,3,4,0,4,4,0,5,4,0,6,4,0,7,4,1,8,4,0,9,4,0,0,5,0,1,5,0,2,5,0,3,5,0,4,5,0,5,5,0,6,5,1,7,5,0,8,5,0,9,5,0,0,6,1,1,6,0,2,6,0,3,6,0,4,6,0,5,6,1,6,6,1,7,6,0,8,6,0,9,6,0,0,7,1,1,7,0,2,7,0,3,7,0,4,7,0,5,7,0,6,7,0,7,7,0,8,7,0,9,7,0,0,8,0,1,8,0,2,8,1,3,8,0,4,8,0,5,8,0,6,8,1,7,8,0,8,8,0,9,8,0,0,9,0,1,9,1,2,9,0,3,9,1,4,9,0,5,9,1,6,9,1,7,9,0,8,9,0,9,9,0,
72,0,0,1,1,0,0,2,0,0,3,0,0,4,0,0,5,0,0,6,0,0,7,0,1,8,0,0,9,0,1,0,1,1,1,1,0,2,1,1,3,1,0,4,1,0,5,1,1,6,1,0,7,1,0,8,1,0,9,1,1,0,2,0,1,2,1,2,2,0,3,2,0,4,2,1,5,2,0,6,2,0,7,2,0,8,2,0,9,2,0,0,3,0,1,3,0,2,3,1,3,3,0,4,3,0,5,3,0,6,3,0,7,3,1,8,3,1,9,3,0,0,4,0,1,4,0,2,4,0,3,4,0,4,4,1,5,4,1,6,4,0,7,4,1,8,4,0,9,4,1,0,5,0,1,5,0,2,5,0,3,5,0,4,5,0,5,5,0,6,5,1,7,5,0,8,5,0,9,5,0,0,6,1,1,6,0,2,6,0,3,6,0,4,6,0,5,6,1,6,6,1,7,6,0,8,6,0,9,6,0,0,7,1,1,7,0,2,7,0,3,7,0,4,7,1,5,7,0,6,7,0,7,7,0,8,7,0,9,7,0,0,8,0,1,8,0,2,8,0,3,8,0,4,8,0,5,8,0,6,8,1,7,8,0,8,8,0,9,8,0,0,9,0,1,9,0,2,9,1,3,9,1,4,9,0,5,9,1,6,9,1,7,9,0,8,9,0,9,9,0,
73,0,0,1,1,0,0,2,0,0,3,0,0,4,0,0,5,0,0,6,0,0,7,0,1,8,0,0,9,0,0,0,1,0,1,1,0,2,1,1,3,1,0,4,1,0,5,1,1,6,1,0,7,1,0,8,1,0,9,1,1,0,2,0,1,2,0,2,2,0,3,2,0,4,2,1,5,2,0,6,2,0,7,2,0,8,2,0,9,2,0,0,3,1,1,3,0,2,3,1,3,3,0,4,3,0,5,3,0,6,3,0,7,3,1,8,3,1,9,3,0,0,4,0,1,4,0,2,4,0,3,4,0,4,4,1,5,4,1,6,4,0,7,4,0,8,4,0,9,4,1,0,5,0,1,5,0,2,5,0,3,5,0,4,5,1,5,5,0,6,5,1,7,5,0,8,5,0,9,5,0,0,6,1,1,6,0,2,6,0,3,6,0,4,6,0,5,6,1,6,6,1,7,6,0,8,6,0,9,6,0,0,7,1,1,7,0,2,7,0,3,7,0,4,7,1,5,7,0,6,7,0,7,7,0,8,7,0,9,7,0,0,8,0,1,8,0,2,8,0,3,8,0,4,8,0,5,8,0,6,8,0,7,8,1,8,8,0,9,8,1,0,9,0,1,9,0,2,9,1,3,9,0,4,9,0,5,9,1,6,9,1,7,9,0,8,9,0,9,9,0,
74,0,0,1,1,0,0,2,0,0,3,0,0,4,0,0,5,0,0,6,0,0,7,0,1,8,0,0,9,0,1,0,1,0,1,1,0,2,1,0,3,1,0,4,1,0,5,1,1,6,1,0,7,1,0,8,1,0,9,1,1,0,2,0,1,2,1,2,2,0,3,2,0,4,2,1,5,2,0,6,2,0,7,2,0,8,2,0,9,2,0,0,3,0,1,3,0,2,3,0,3,3,0,4,3,0,5,3,0,6,3,0,7,3,1,8,3,1,9,3,0,0,4,0,1,4,1,2,4,0,3,4,0,4,4,1,5,4,0,6,4,0,7,4,0,8,4,0,9,4,1,0,5,0,1,5,0,2,5,0,3,5,0,4,5,0,5,5,0,6,5,1,7,5,0,8,5,0,9,5,0,0,6,1,1,6,0,2,6,0,3,6,0,4,6,0,5,6,1,6,6,1,7,6,1,8,6,0,9,6,0,0,7,1,1,7,0,2,7,0,3,7,0,4,7,1,5,7,0,6,7,0,7,7,0,8,7,0,9,7,1,0,8,0,1,8,0,2,8,0,3,8,0,4,8,0,5,8,0,6,8,0,7,8,0,8,8,0,9,8,0,0,9,0,1,9,0,2,9,1,3,9,0,4,9,0,5,9,1,6,9,1,7,9,0,8,9,0,9,9,0,
75,0,0,1,1,0,0,2,0,0,3,0,0,4,0,0,5,0,0,6,0,1,7,0,1,8,0,0,9,0,0,0,1,0,1,1,0,2,1,0,3,1,0,4,1,0,5,1,1,6,1,0,7,1,0,8,1,0,9,1,0,0,2,0,1,2,1,2,2,0,3,2,0,4,2,1,5,2,0,6,2,0,7,2,0,8,2,0,9,2,0,0,3,1,1,3,0,2,3,1,3,3,0,4,3,0,5,3,1,6,3,0,7,3,1,8,3,1,9,3,0,0,4,0,1,4,1,2,4,0,3,4,0,4,4,0,5,4,1,6,4,0,7,4,1,8,4,0,9,4,1,0,5,0,1,5,1,2,5,0,3,5,0,4,5,1,5,5,0,6,5,1,7,5,0,8,5,0,9,5,0,0,6,1,1,6,0,2,6,0,3,6,1,4,6,0,5,6,0,6,6,1,7,6,1,8,6,0,9,6,1,0,7,0,1,7,0,2,7,0,3,7,0,4,7,0,5,7,0,6,7,0,7,7,0,8,7,0,9,7,1,0,8,0,1,8,0,2,8,0,3,8,0,4,8,0,5,8,0,6,8,0,7,8,0,8,8,0,9,8,0,0,9,0,1,9,1,2,9,1,3,9,0,4,9,0,5,9,1,6,9,1,7,9,0,8,9,0,9,9,0,
76,0,0,1,1,0,0,2,0,0,3,0,0,4,0,0,5,0,0,6,0,1,7,0,1,8,0,0,9,0,1,0,1,0,1,1,0,2,1,1,3,1,0,4,1,0,5,1,1,6,1,0,7,1,0,8,1,0,9,1,0,0,2,0,1,2,1,2,2,0,3,2,0,4,2,1,5,2,0,6,2,0,7,2,0,8,2,0,9,2,0,0,3,1,1,3,0,2,3,1,3,3,0,4,3,0,5,3,1,6,3,0,7,3,1,8,3,1,9,3,0,0,4,0,1,4,1,2,4,0,3,4,0,4,4,0,5,4,1,6,4,0,7,4,1,8,4,0,9,4,0,0,5,0,1,5,1,2,5,0,3,5,0,4,5,1,5,5,0,6,5,1,7,5,0,8,5,0,9,5,0,0,6,1,1,6,0,2,6,0,3,6,1,4,6,0,5,6,0,6,6,1,7,6,1,8,6,0,9,6,1,0,7,0,1,7,0,2,7,0,3,7,0,4,7,1,5,7,0,6,7,0,7,7,0,8,7,0,9,7,1,0,8,0,1,8,0,2,8,0,3,8,0,4,8,0,5,8,0,6,8,1,7,8,1,8,8,0,9,8,0,0,9,0,1,9,0,2,9,1,3,9,0,4,9,0,5,9,1,6,9,1,7,9,0,8,9,0,9,9,0,
77,0,0,1,1,0,0,2,0,0,3,0,0,4,0,0,5,0,0,6,0,1,7,0,1,8,0,0,9,0,1,0,1,0,1,1,0,2,1,1,3,1,0,4,1,0,5,1,1,6,1,0,7,1,0,8,1,0,9,1,0,0,2,1,1,2,0,2,2,0,3,2,0,4,2,1,5,2,0,6,2,0,7,2,0,8,2,0,9,2,0,0,3,1,1,3,0,2,3,1,3,3,0,4,3,0,5,3,1,6,3,0,7,3,1,8,3,1,9,3,0,0,4,0,1,4,1,2,4,1,3,4,0,4,4,1,5,4,0,6,4,0,7,4,1,8,4,0,9,4,1,0,5,0,1,5,1,2,5,0,3,5,0,4,5,0,5,5,0,6,5,1,7,5,0,8,5,0,9,5,0,0,6,0,1,6,0,2,6,0,3,6,1,4,6,0,5,6,0,6,6,1,7,6,1,8,6,0,9,6,1,0,7,0,1,7,1,2,7,0,3,7,0,4,7,1,5,7,0,6,7,0,7,7,0,8,7,0,9,7,0,0,8,0,1,8,0,2,8,1,3,8,0,4,8,0,5,8,0,6,8,1,7,8,0,8,8,0,9,8,0,0,9,0,1,9,0,2,9,0,3,9,0,4,9,0,5,9,1,6,9,1,7,9,0,8,9,0,9,9,0,
78,0,0,1,1,0,0,2,0,0,3,0,0,4,0,0,5,0,0,6,0,1,7,0,1,8,0,0,9,0,1,0,1,1,1,1,0,2,1,0,3,1,0,4,1,0,5,1,0,6,1,0,7,1,0,8,1,0,9,1,1,0,2,0,1,2,0,2,2,0,3,2,0,4,2,1,5,2,0,6,2,0,7,2,0,8,2,0,9,2,0,0,3,1,1,3,0,2,3,1,3,3,0,4,3,0,5,3,1,6,3,0,7,3,0,8,3,1,9,3,0,0,4,0,1,4,1,2,4,1,3,4,0,4,4,0,5,4,0,6,4,0,7,4,1,8,4,0,9,4,0,0,5,0,1,5,0,2,5,0,3,5,0,4,5,0,5,5,1,6,5,1,7,5,0,8,5,0,9,5,0,0,6,0,1,6,0,2,6,0,3,6,1,4,6,0,5,6,0,6,6,1,7,6,1,8,6,0,9,6,1,0,7,0,1,7,1,2,7,0,3,7,0,4,7,1,5,7,1,6,7,0,7,7,0,8,7,0,9,7,0,0,8,0,1,8,0,2,8,1,3,8,0,4,8,0,5,8,0,6,8,1,7,8,0,8,8,0,9,8,0,0,9,0,1,9,0,2,9,0,3,9,0,4,9,0,5,9,1,6,9,1,7,9,0,8,9,0,9,9,0,
79,0,0,1,1,0,0,2,0,0,3,0,0,4,0,0,5,0,0,6,0,1,7,0,1,8,0,0,9,0,1,0,1,1,1,1,0,2,1,1,3,1,0,4,1,0,5,1,0,6,1,0,7,1,0,8,1,0,9,1,1,0,2,0,1,2,1,2,2,0,3,2,0,4,2,1,5,2,0,6,2,0,7,2,0,8,2,0,9,2,0,0,3,0,1,3,0,2,3,0,3,3,0,4,3,0,5,3,1,6,3,0,7,3,0,8,3,1,9,3,0,0,4,0,1,4,0,2,4,0,3,4,0,4,4,0,5,4,0,6,4,0,7,4,1,8,4,0,9,4,1,0,5,0,1,5,1,2,5,0,3,5,0,4,5,0,5,5,1,6,5,0,7,5,0,8,5,0,9,5,0,0,6,1,1,6,0,2,6,0,3,6,1,4,6,0,5,6,0,6,6,0,7,6,1,8,6,0,9,6,1,0,7,0,1,7,1,2,7,0,3,7,0,4,7,1,5,7,1,6,7,0,7,7,0,8,7,0,9,7,0,0,8,0,1,8,0,2,8,1,3,8,0,4,8,0,5,8,0,6,8,1,7,8,1,8,8,0,9,8,0,0,9,0,1,9,1,2,9,0,3,9,1,4,9,0,5,9,1,6,9,1,7,9,0,8,9,0,9,9,1,
80,0,0,1,1,0,0,2,0,0,3,0,0,4,0,0,5,0,0,6,0,1,7,0,1,8,0,0,9,0,1,0,1,1,1,1,0,2,1,0,3,1,0,4,1,0,5,1,0,6,1,1,7,1,0,8,1,0,9,1,0,0,2,0,1,2,0,2,2,0,3,2,0,4,2,1,5,2,0,6,2,0,7,2,0,8,2,0,9,2,0,0,3,1,1,3,0,2,3,0,3,3,0,4,3,0,5,3,1,6,3,0,7,3,0,8,3,1,9,3,0,0,4,0,1,4,1,2,4,1,3,4,0,4,4,0,5,4,0,6,4,0,7,4,1,8,4,0,9,4,0,0,5,0,1,5,1,2,5,0,3,5,0,4,5,0,5,5,1,6,5,0,7,5,0,8,5,0,9,5,0,0,6,1,1,6,0,2,6,0,3,6,1,4,6,0,5,6,0,6,6,0,7,6,1,8,6,0,9,6,1,0,7,1,1,7,1,2,7,0,3,7,0,4,7,1,5,7,1,6,7,0,7,7,0,8,7,0,9,7,0,0,8,0,1,8,0,2,8,1,3,8,0,4,8,0,5,8,0,6,8,1,7,8,1,8,8,0,9,8,1,0,9,0,1,9,1,2,9,1,3,9,1,4,9,0,5,9,1,6,9,1,7,9,0,8,9,0,9,9,1,
81,0,0,1,1,0,0,2,0,0,3,0,0,4,0,0,5,0,0,6,0,0,7,0,0,8,0,0,9,0,0,0,1,1,1,1,0,2,1,1,3,1,0,4,1,0,5,1,0,6,1,1,7,1,0,8,1,0,9,1,0,0,2,0,1,2,1,2,2,0,3,2,0,4,2,1,5,2,0,6,2,0,7,2,0,8,2,0,9,2,0,0,3,1,1,3,0,2,3,0,3,3,0,4,3,0,5,3,1,6,3,0,7,3,1,8,3,1,9,3,0,0,4,0,1,4,0,2,4,1,3,4,0,4,4,0,5,4,0,6,4,0,7,4,1,8,4,0,9,4,1,0,5,0,1,5,0,2,5,0,3,5,1,4,5,0,5,5,1,6,5,0,7,5,0,8,5,0,9,5,0,0,6,1,1,6,0,2,6,0,3,6,1,4,6,0,5,6,0,6,6,0,7,6,1,8,6,0,9,6,1,0,7,1,1,7,1,2,7,0,3,7,0,4,7,1,5,7,0,6,7,0,7,7,0,8,7,1,9,7,0,0,8,0,1,8,0,2,8,1,3,8,0,4,8,0,5,8,0,6,8,1,7,8,0,8,8,0,9,8,1,0,9,0,1,9,1,2,9,1,3,9,1,4,9,0,5,9,1,6,9,1,7,9,0,8,9,0,9,9,1,
82,0,0,1,1,0,0,2,0,0,3,0,0,4,0,0,5,0,0,6,0,1,7,0,0,8,0,0,9,0,1,0,1,1,1,1,0,2,1,0,3,1,0,4,1,0,5,1,0,6,1,1,7,1,0,8,1,0,9,1,0,0,2,0,1,2,1,2,2,0,3,2,0,4,2,1,5,2,0,6,2,0,7,2,0,8,2,0,9,2,0,0,3,0,1,3,0,2,3,0,3,3,0,4,3,0,5,3,1,6,3,0,7,3,1,8,3,1,9,3,0,0,4,0,1,4,1,2,4,1,3,4,0,4,4,0,5,4,1,6,4,0,7,4,1,8,4,0,9,4,0,0,5,0,1,5,0,2,5,0,3,5,0,4,5,0,5,5,0,6,5,0,7,5,0,8,5,0,9,5,0,0,6,1,1,6,0,2,6,0,3,6,0,4,6,0,5,6,0,6,6,1,7,6,1,8,6,0,9,6,1,0,7,1,1,7,1,2,7,0,3,7,0,4,7,0,5,7,0,6,7,0,7,7,0,8,7,1,9,7,1,0,8,0,1,8,0,2,8,1,3,8,0,4,8,0,5,8,0,6,8,1,7,8,0,8,8,0,9,8,1,0,9,0,1,9,1,2,9,1,3,9,0,4,9,0,5,9,1,6,9,1,7,9,0,8,9,0,9,9,1,
83,0,0,1,1,0,0,2,0,0,3,0,0,4,0,0,5,0,0,6,0,1,7,0,0,8,0,0,9,0,1,0,1,1,1,1,0,2,1,0,3,1,0,4,1,0,5,1,0,6,1,1,7,1,0,8,1,0,9,1,0,0,2,0,1,2,0,2,2,0,3,2,0,4,2,1,5,2,0,6,2,0,7,2,0,8,2,0,9,2,0,0,3,0,1,3,0,2,3,0,3,3,0,4,3,0,5,3,1,6,3,0,7,3,1,8,3,1,9,3,0,0,4,0,1,4,0,2,4,1,3,4,0,4,4,0,5,4,0,6,4,0,7,4,0,8,4,0,9,4,0,0,5,0,1,5,0,2,5,0,3,5,0,4,5,0,5,5,1,6,5,0,7,5,0,8,5,0,9,5,0,0,6,1,1,6,0,2,6,0,3,6,0,4,6,0,5,6,0,6,6,1,7,6,1,8,6,0,9,6,1,0,7,1,1,7,0,2,7,0,3,7,0,4,7,1,5,7,1,6,7,0,7,7,0,8,7,1,9,7,1,0,8,0,1,8,0,2,8,0,3,8,0,4,8,0,5,8,0,6,8,1,7,8,0,8,8,0,9,8,1,0,9,0,1,9,1,2,9,0,3,9,0,4,9,0,5,9,1,6,9,1,7,9,0,8,9,1,9,9,1,
84,0,0,1,1,0,0,2,0,0,3,0,0,4,0,0,5,0,0,6,0,1,7,0,0,8,0,0,9,0,1,0,1,1,1,1,0,2,1,0,3,1,0,4,1,0,5,1,0,6,1,1,7,1,0,8,1,0,9,1,0,0,2,0,1,2,0,2,2,0,3,2,0,4,2,1,5,2,0,6,2,0,7,2,0,8,2,0,9,2,0,0,3,1,1,3,0,2,3,1,3,3,0,4,3,0,5,3,1,6,3,0,7,3,1,8,3,1,9,3,0,0,4,0,1,4,0,2,4,1,3,4,0,4,4,0,5,4,0,6,4,0,7,4,0,8,4,0,9,4,0,0,5,0,1,5,0,2,5,0,3,5,0,4,5,0,5,5,1,6,5,0,7,5,0,8,5,1,9,5,0,0,6,1,1,6,0,2,6,0,3,6,0,4,6,0,5,6,0,6,6,0,7,6,1,8,6,0,9,6,1,0,7,1,1,7,1,2,7,0,3,7,0,4,7,1,5,7,1,6,7,0,7,7,0,8,7,1,9,7,1,0,8,0,1,8,0,2,8,0,3,8,0,4,8,0,5,8,0,6,8,1,7,8,0,8,8,1,9,8,1,0,9,0,1,9,1,2,9,0,3,9,0,4,9,0,5,9,1,6,9,1,7,9,0,8,9,1,9,9,1,
85,0,0,1,1,0,0,2,0,0,3,0,0,4,0,0,5,0,0,6,0,1,7,0,0,8,0,0,9,0,0,0,1,0,1,1,0,2,1,1,3,1,0,4,1,0,5,1,0,6,1,1,7,1,0,8,1,0,9,1,1,0,2,1,1,2,0,2,2,0,3,2,0,4,2,1,5,2,0,6,2,0,7,2,0,8,2,1,9,2,0,0,3,0,1,3,0,2,3,1,3,3,0,4,3,0,5,3,1,6,3,0,7,3,1,8,3,1,9,3,0,0,4,0,1,4,1,2,4,1,3,4,0,4,4,0,5,4,0,6,4,0,7,4,0,8,4,0,9,4,1,0,5,0,1,5,0,2,5,0,3,5,0,4,5,0,5,5,1,6,5,0,7,5,0,8,5,1,9,5,0,0,6,1,1,6,0,2,6,0,3,6,0,4,6,0,5,6,0,6,6,1,7,6,1,8,6,0,9,6,0,0,7,1,1,7,0,2,7,0,3,7,0,4,7,1,5,7,1,6,7,0,7,7,0,8,7,1,9,7,1,0,8,0,1,8,0,2,8,0,3,8,0,4,8,0,5,8,0,6,8,1,7,8,0,8,8,0,9,8,1,0,9,0,1,9,1,2,9,0,3,9,0,4,9,0,5,9,1,6,9,0,7,9,0,8,9,1,9,9,1,
86,0,0,1,1,0,0,2,0,0,3,0,0,4,0,0,5,0,0,6,0,1,7,0,0,8,0,0,9,0,0,0,1,0,1,1,0,2,1,1,3,1,0,4,1,0,5,1,0,6,1,1,7,1,0,8,1,0,9,1,0,0,2,1,1,2,1,2,2,0,3,2,0,4,2,1,5,2,0,6,2,0,7,2,0,8,2,0,9,2,0,0,3,0,1,3,0,2,3,1,3,3,0,4,3,0,5,3,1,6,3,0,7,3,1,8,3,1,9,3,0,0,4,0,1,4,0,2,4,0,3,4,0,4,4,0,5,4,0,6,4,0,7,4,0,8,4,0,9,4,1,0,5,0,1,5,0,2,5,0,3,5,0,4,5,0,5,5,0,6,5,0,7,5,0,8,5,1,9,5,0,0,6,1,1,6,0,2,6,0,3,6,0,4,6,0,5,6,0,6,6,1,7,6,1,8,6,0,9,6,0,0,7,1,1,7,1,2,7,0,3,7,0,4,7,0,5,7,1,6,7,0,7,7,0,8,7,1,9,7,1,0,8,0,1,8,0,2,8,0,3,8,0,4,8,0,5,8,0,6,8,1,7,8,0,8,8,0,9,8,1,0,9,0,1,9,1,2,9,0,3,9,0,4,9,0,5,9,1,6,9,0,7,9,1,8,9,1,9,9,1,
87,0,0,1,1,0,0,2,0,0,3,0,0,4,0,0,5,0,0,6,0,1,7,0,0,8,0,0,9,0,0,0,1,1,1,1,0,2,1,0,3,1,0,4,1,0,5,1,0,6,1,1,7,1,0,8,1,0,9,1,0,0,2,1,1,2,1,2,2,0,3,2,0,4,2,1,5,2,0,6,2,0,7,2,0,8,2,0,9,2,0,0,3,1,1,3,0,2,3,1,3,3,0,4,3,0,5,3,1,6,3,0,7,3,1,8,3,1,9,3,0,0,4,0,1,4,0,2,4,1,3,4,0,4,4,0,5,4,1,6,4,0,7,4,0,8,4,0,9,4,0,0,5,0,1,5,0,2,5,0,3,5,0,4,5,0,5,5,1,6,5,0,7,5,0,8,5,1,9,5,0,0,6,1,1,6,0,2,6,0,3,6,0,4,6,0,5,6,0,6,6,0,7,6,1,8,6,0,9,6,0,0,7,1,1,7,1,2,7,0,3,7,0,4,7,0,5,7,0,6,7,0,7,7,0,8,7,1,9,7,0,0,8,0,1,8,0,2,8,0,3,8,0,4,8,0,5,8,0,6,8,1,7,8,0,8,8,0,9,8,1,0,9,0,1,9,1,2,9,0,3,9,0,4,9,0,5,9,1,6,9,0,7,9,1,8,9,1,9,9,1,
88,0,0,1,1,0,0,2,0,0,3,0,0,4,0,0,5,0,0,6,0,0,7,0,1,8,0,0,9,0,0,0,1,1,1,1,0,2,1,1,3,1,0,4,1,0,5,1,0,6,1,1,7,1,0,8,1,0,9,1,0,0,2,1,1,2,0,2,2,0,3,2,0,4,2,1,5,2,0,6,2,0,7,2,0,8,2,1,9,2,0,0,3,1,1,3,0,2,3,1,3,3,0,4,3,0,5,3,1,6,3,0,7,3,1,8,3,1,9,3,0,0,4,0,1,4,0,2,4,1,3,4,0,4,4,0,5,4,1,6,4,0,7,4,0,8,4,0,9,4,0,0,5,0,1,5,0,2,5,0,3,5,1,4,5,0,5,5,1,6,5,0,7,5,0,8,5,1,9,5,0,0,6,1,1,6,0,2,6,0,3,6,0,4,6,0,5,6,1,6,6,0,7,6,1,8,6,0,9,6,0,0,7,1,1,7,0,2,7,0,3,7,0,4,7,1,5,7,0,6,7,0,7,7,0,8,7,1,9,7,1,0,8,0,1,8,0,2,8,1,3,8,0,4,8,0,5,8,0,6,8,1,7,8,1,8,8,0,9,8,1,0,9,0,1,9,0,2,9,0,3,9,0,4,9,0,5,9,1,6,9,0,7,9,0,8,9,1,9,9,1,
89,0,0,1,1,0,0,2,0,0,3,0,0,4,0,0,5,0,0,6,0,0,7,0,1,8,0,0,9,0,1,0,1,1,1,1,0,2,1,0,3,1,0,4,1,0,5,1,0,6,1,1,7,1,0,8,1,0,9,1,0,0,2,0,1,2,1,2,2,0,3,2,0,4,2,1,5,2,0,6,2,0,7,2,0,8,2,1,9,2,0,0,3,0,1,3,0,2,3,1,3,3,0,4,3,0,5,3,1,6,3,0,7,3,1,8,3,1,9,3,0,0,4,0,1,4,0,2,4,1,3,4,0,4,4,1,5,4,1,6,4,0,7,4,0,8,4,0,9,4,0,0,5,0,1,5,0,2,5,0,3,5,1,4,5,0,5,5,0,6,5,0,7,5,0,8,5,1,9,5,0,0,6,1,1,6,0,2,6,0,3,6,0,4,6,0,5,6,1,6,6,0,7,6,1,8,6,0,9,6,0,0,7,1,1,7,0,2,7,0,3,7,0,4,7,0,5,7,0,6,7,0,7,7,0,8,7,1,9,7,1,0,8,0,1,8,0,2,8,1,3,8,0,4,8,0,5,8,0,6,8,1,7,8,1,8,8,0,9,8,1,0,9,0,1,9,0,2,9,1,3,9,1,4,9,0,5,9,1,6,9,1,7,9,0,8,9,0,9,9,1,
90,0,0,1,1,0,0,2,0,0,3,0,0,4,0,0,5,0,0,6,0,0,7,0,1,8,0,0,9,0,1,0,1,0,1,1,0,2,1,1,3,1,0,4,1,0,5,1,0,6,1,1,7,1,0,8,1,0,9,1,1,0,2,0,1,2,1,2,2,0,3,2,0,4,2,0,5,2,0,6,2,0,7,2,0,8,2,1,9,2,0,0,3,0,1,3,0,2,3,1,3,3,0,4,3,0,5,3,1,6,3,0,7,3,1,8,3,1,9,3,0,0,4,0,1,4,1,2,4,1,3,4,0,4,4,1,5,4,1,6,4,0,7,4,0,8,4,0,9,4,1,0,5,0,1,5,0,2,5,0,3,5,0,4,5,0,5,5,1,6,5,0,7,5,0,8,5,1,9,5,0,0,6,1,1,6,0,2,6,0,3,6,0,4,6,0,5,6,1,6,6,0,7,6,0,8,6,0,9,6,0,0,7,1,1,7,1,2,7,0,3,7,0,4,7,1,5,7,0,6,7,0,7,7,0,8,7,1,9,7,0,0,8,0,1,8,0,2,8,1,3,8,0,4,8,0,5,8,0,6,8,1,7,8,0,8,8,0,9,8,1,0,9,0,1,9,0,2,9,1,3,9,1,4,9,0,5,9,1,6,9,1,7,9,0,8,9,0,9,9,1,
91,0,0,1,1,0,0,2,0,0,3,0,0,4,0,0,5,0,0,6,0,0,7,0,1,8,0,0,9,0,1,0,1,0,1,1,0,2,1,0,3,1,0,4,1,0,5,1,0,6,1,1,7,1,0,8,1,0,9,1,1,0,2,1,1,2,1,2,2,0,3,2,0,4,2,0,5,2,0,6,2,0,7,2,0,8,2,1,9,2,0,0,3,1,1,3,0,2,3,1,3,3,0,4,3,0,5,3,1,6,3,0,7,3,1,8,3,1,9,3,0,0,4,0,1,4,0,2,4,1,3,4,0,4,4,1,5,4,1,6,4,0,7,4,0,8,4,0,9,4,1,0,5,0,1,5,0,2,5,0,3,5,0,4,5,0,5,5,1,6,5,0,7,5,0,8,5,0,9,5,0,0,6,0,1,6,0,2,6,0,3,6,0,4,6,0,5,6,1,6,6,0,7,6,0,8,6,0,9,6,0,0,7,1,1,7,1,2,7,0,3,7,0,4,7,1,5,7,0,6,7,0,7,7,0,8,7,1,9,7,0,0,8,0,1,8,0,2,8,1,3,8,0,4,8,0,5,8,0,6,8,1,7,8,1,8,8,0,9,8,1,0,9,0,1,9,0,2,9,1,3,9,1,4,9,0,5,9,1,6,9,1,7,9,0,8,9,1,9,9,0,
92,0,0,1,1,0,0,2,0,0,3,0,0,4,0,0,5,0,0,6,0,1,7,0,1,8,0,0,9,0,1,0,1,0,1,1,0,2,1,1,3,1,0,4,1,0,5,1,0,6,1,1,7,1,0,8,1,0,9,1,0,0,2,1,1,2,0,2,2,0,3,2,0,4,2,0,5,2,0,6,2,0,7,2,1,8,2,1,9,2,0,0,3,1,1,3,0,2,3,1,3,3,0,4,3,0,5,3,1,6,3,0,7,3,0,8,3,1,9,3,0,0,4,0,1,4,0,2,4,1,3,4,0,4,4,1,5,4,1,6,4,0,7,4,1,8,4,0,9,4,1,0,5,0,1,5,0,2,5,0,3,5,1,4,5,0,5,5,1,6,5,0,7,5,0,8,5,0,9,5,0,0,6,0,1,6,0,2,6,0,3,6,0,4,6,0,5,6,1,6,6,0,7,6,1,8,6,0,9,6,0,0,7,1,1,7,1,2,7,0,3,7,0,4,7,0,5,7,0,6,7,0,7,7,0,8,7,1,9,7,0,0,8,0,1,8,0,2,8,0,3,8,0,4,8,0,5,8,0,6,8,1,7,8,0,8,8,0,9,8,1,0,9,0,1,9,1,2,9,0,3,9,1,4,9,0,5,9,1,6,9,1,7,9,0,8,9,1,9,9,0,
93,0,0,1,1,0,0,2,0,0,3,0,0,4,0,0,5,0,0,6,0,1,7,0,1,8,0,0,9,0,1,0,1,0,1,1,0,2,1,1,3,1,0,4,1,0,5,1,0,6,1,1,7,1,0,8,1,0,9,1,0,0,2,1,1,2,0,2,2,0,3,2,0,4,2,0,5,2,0,6,2,0,7,2,1,8,2,1,9,2,0,0,3,0,1,3,0,2,3,1,3,3,0,4,3,0,5,3,1,6,3,0,7,3,0,8,3,1,9,3,0,0,4,0,1,4,0,2,4,1,3,4,0,4,4,1,5,4,1,6,4,0,7,4,1,8,4,0,9,4,0,0,5,0,1,5,0,2,5,0,3,5,1,4,5,1,5,5,1,6,5,0,7,5,0,8,5,0,9,5,0,0,6,0,1,6,0,2,6,0,3,6,0,4,6,0,5,6,1,6,6,0,7,6,1,8,6,0,9,6,0,0,7,1,1,7,1,2,7,0,3,7,0,4,7,1,5,7,1,6,7,0,7,7,0,8,7,1,9,7,1,0,8,0,1,8,0,2,8,0,3,8,0,4,8,0,5,8,0,6,8,0,7,8,0,8,8,0,9,8,1,0,9,0,1,9,1,2,9,0,3,9,0,4,9,0,5,9,1,6,9,1,7,9,0,8,9,0,9,9,0,
94,0,0,1,1,0,0,2,0,0,3,0,0,4,0,0,5,0,0,6,0,1,7,0,1,8,0,0,9,0,1,0,1,0,1,1,0,2,1,1,3,1,0,4,1,0,5,1,0,6,1,1,7,1,0,8,1,0,9,1,0,0,2,1,1,2,1,2,2,0,3,2,0,4,2,0,5,2,0,6,2,0,7,2,1,8,2,1,9,2,0,0,3,0,1,3,0,2,3,1,3,3,0,4,3,0,5,3,1,6,3,0,7,3,0,8,3,1,9,3,0,0,4,0,1,4,0,2,4,1,3,4,0,4,4,1,5,4,1,6,4,0,7,4,0,8,4,0,9,4,0,0,5,0,1,5,0,2,5,0,3,5,1,4,5,1,5,5,1,6,5,0,7,5,0,8,5,0,9,5,0,0,6,0,1,6,0,2,6,0,3,6,0,4,6,0,5,6,1,6,6,0,7,6,0,8,6,0,9,6,0,0,7,0,1,7,0,2,7,0,3,7,0,4,7,0,5,7,1,6,7,0,7,7,0,8,7,1,9,7,1,0,8,0,1,8,0,2,8,0,3,8,0,4,8,0,5,8,0,6,8,0,7,8,0,8,8,0,9,8,1,0,9,0,1,9,0,2,9,1,3,9,0,4,9,0,5,9,1,6,9,1,7,9,0,8,9,0,9,9,0,
95,0,0,1,1,0,0,2,0,0,3,0,0,4,0,0,5,0,0,6,0,1,7,0,1,8,0,0,9,0,1,0,1,0,1,1,0,2,1,1,3,1,0,4,1,0,5,1,0,6,1,1,7,1,0,8,1,0,9,1,1,0,2,1,1,2,0,2,2,0,3,2,0,4,2,0,5,2,0,6,2,1,7,2,1,8,2,1,9,2,0,0,3,0,1,3,0,2,3,1,3,3,0,4,3,0,5,3,1,6,3,0,7,3,0,8,3,1,9,3,0,0,4,0,1,4,1,2,4,1,3,4,0,4,4,1,5,4,1,6,4,0,7,4,0,8,4,0,9,4,1,0,5,0,1,5,1,2,5,0,3,5,1,4,5,1,5,5,0,6,5,0,7,5,0,8,5,0,9,5,0,0,6,0,1,6,0,2,6,0,3,6,0,4,6,0,5,6,1,6,6,0,7,6,0,8,6,0,9,6,1,0,7,0,1,7,1,2,7,0,3,7,0,4,7,0,5,7,1,6,7,0,7,7,0,8,7,1,9,7,0,0,8,0,1,8,0,2,8,1,3,8,0,4,8,0,5,8,0,6,8,0,7,8,0,8,8,0,9,8,1,0,9,0,1,9,0,2,9,1,3,9,0,4,9,0,5,9,1,6,9,1,7,9,0,8,9,0,9,9,0,
96,0,0,1,1,0,0,2,0,0,3,0,0,4,0,0,5,0,0,6,0,1,7,0,1,8,0,0,9,0,1,0,1,0,1,1,0,2,1,1,3,1,0,4,1,0,5,1,0,6,1,1,7,1,0,8,1,0,9,1,0,0,2,0,1,2,0,2,2,0,3,2,0,4,2,0,5,2,0,6,2,1,7,2,1,8,2,1,9,2,0,0,3,1,1,3,0,2,3,1,3,3,0,4,3,0,5,3,1,6,3,0,7,3,0,8,3,1,9,3,0,0,4,0,1,4,0,2,4,1,3,4,0,4,4,1,5,4,1,6,4,0,7,4,0,8,4,0,9,4,1,0,5,0,1,5,0,2,5,0,3,5,1,4,5,1,5,5,1,6,5,0,7,5,0,8,5,0,9,5,0,0,6,0,1,6,0,2,6,0,3,6,0,4,6,0,5,6,1,6,6,0,7,6,0,8,6,0,9,6,1,0,7,1,1,7,0,2,7,0,3,7,0,4,7,0,5,7,1,6,7,0,7,7,0,8,7,1,9,7,0,0,8,0,1,8,0,2,8,1,3,8,0,4,8,0,5,8,0,6,8,0,7,8,0,8,8,0,9,8,1,0,9,0,1,9,0,2,9,1,3,9,0,4,9,0,5,9,1,6,9,0,7,9,0,8,9,0,9,9,0,
97,0,0,1,1,0,0,2,0,0,3,0,0,4,0,0,5,0,0,6,0,1,7,0,1,8,0,0,9,0,1,0,1,0,1,1,0,2,1,0,3,1,0,4,1,0,5,1,0,6,1,1,7,1,0,8,1,0,9,1,1,0,2,0,1,2,0,2,2,0,3,2,0,4,2,0,5,2,0,6,2,1,7,2,1,8,2,1,9,2,0,0,3,1,1,3,0,2,3,0,3,3,0,4,3,0,5,3,1,6,3,0,7,3,0,8,3,1,9,3,0,0,4,0,1,4,0,2,4,1,3,4,0,4,4,1,5,4,1,6,4,0,7,4,1,8,4,0,9,4,1,0,5,0,1,5,0,2,5,0,3,5,1,4,5,0,5,5,1,6,5,0,7,5,0,8,5,0,9,5,0,0,6,0,1,6,0,2,6,0,3,6,0,4,6,0,5,6,1,6,6,0,7,6,1,8,6,0,9,6,0,0,7,1,1,7,1,2,7,0,3,7,0,4,7,0,5,7,1,6,7,0,7,7,0,8,7,1,9,7,0,0,8,0,1,8,0,2,8,1,3,8,0,4,8,0,5,8,0,6,8,0,7,8,1,8,8,0,9,8,1,0,9,0,1,9,0,2,9,1,3,9,0,4,9,0,5,9,1,6,9,0,7,9,0,8,9,0,9,9,0,
98,0,0,1,1,0,0,2,0,0,3,0,0,4,0,0,5,0,0,6,0,1,7,0,1,8,0,0,9,0,1,0,1,0,1,1,0,2,1,0,3,1,0,4,1,0,5,1,0,6,1,1,7,1,0,8,1,0,9,1,1,0,2,0,1,2,0,2,2,0,3,2,0,4,2,0,5,2,0,6,2,1,7,2,1,8,2,1,9,2,0,0,3,0,1,3,0,2,3,0,3,3,0,4,3,0,5,3,1,6,3,0,7,3,0,8,3,1,9,3,0,0,4,0,1,4,0,2,4,1,3,4,0,4,4,1,5,4,1,6,4,0,7,4,1,8,4,0,9,4,1,0,5,0,1,5,0,2,5,0,3,5,1,4,5,0,5,5,1,6,5,0,7,5,0,8,5,0,9,5,0,0,6,0,1,6,0,2,6,0,3,6,0,4,6,0,5,6,1,6,6,1,7,6,1,8,6,0,9,6,1,0,7,1,1,7,0,2,7,0,3,7,0,4,7,1,5,7,0,6,7,0,7,7,0,8,7,1,9,7,1,0,8,0,1,8,0,2,8,0,3,8,0,4,8,0,5,8,0,6,8,0,7,8,0,8,8,0,9,8,1,0,9,0,1,9,0,2,9,1,3,9,1,4,9,0,5,9,1,6,9,0,7,9,0,8,9,0,9,9,0,
99,0,0,1,1,0,0,2,0,0,3,0,0,4,0,0,5,0,0,6,0,0,7,0,1,8,0,0,9,0,1,0,1,0,1,1,0,2,1,1,3,1,0,4,1,0,5,1,0,6,1,1,7,1,0,8,1,0,9,1,0,0,2,1,1,2,0,2,2,0,3,2,0,4,2,0,5,2,0,6,2,0,7,2,1,8,2,1,9,2,0,0,3,0,1,3,0,2,3,0,3,3,0,4,3,0,5,3,1,6,3,0,7,3,0,8,3,1,9,3,0,0,4,0,1,4,0,2,4,1,3,4,0,4,4,1,5,4,0,6,4,0,7,4,1,8,4,0,9,4,1,0,5,0,1,5,0,2,5,0,3,5,1,4,5,0,5,5,0,6,5,1,7,5,0,8,5,0,9,5,0,0,6,0,1,6,0,2,6,0,3,6,0,4,6,0,5,6,1,6,6,0,7,6,1,8,6,0,9,6,1,0,7,1,1,7,1,2,7,0,3,7,0,4,7,0,5,7,1,6,7,0,7,7,0,8,7,1,9,7,0,0,8,0,1,8,0,2,8,0,3,8,0,4,8,0,5,8,0,6,8,0,7,8,0,8,8,1,9,8,1,0,9,0,1,9,0,2,9,1,3,9,1,4,9,0,5,9,1,6,9,0,7,9,0,8,9,0,9,9,0,
100,0,0,1,1,0,0,2,0,0,3,0,0,4,0,0,5,0,0,6,0,0,7,0,1,8,0,0,9,0,1,0,1,0,1,1,0,2,1,1,3,1,0,4,1,0,5,1,0,6,1,0,7,1,0,8,1,0,9,1,0,0,2,1,1,2,1,2,2,0,3,2,0,4,2,0,5,2,0,6,2,0,7,2,1,8,2,1,9,2,0,0,3,0,1,3,0,2,3,0,3,3,0,4,3,0,5,3,1,6,3,0,7,3,1,8,3,1,9,3,0,0,4,0,1,4,1,2,4,1,3,4,0,4,4,1,5,4,0,6,4,0,7,4,0,8,4,0,9,4,0,0,5,0,1,5,0,2,5,0,3,5,1,4,5,1,5,5,1,6,5,1,7,5,0,8,5,0,9,5,0,0,6,0,1,6,0,2,6,0,3,6,0,4,6,0,5,6,0,6,6,0,7,6,1,8,6,0,9,6,1,0,7,1,1,7,0,2,7,0,3,7,0,4,7,0,5,7,1,6,7,0,7,7,0,8,7,1,9,7,0,0,8,0,1,8,0,2,8,1,3,8,0,4,8,0,5,8,0,6,8,0,7,8,1,8,8,1,9,8,1,0,9,0,1,9,0,2,9,1,3,9,1,4,9,0,5,9,1,6,9,0,7,9,0,8,9,1,9,9,0,
101,0,0,1,1,0,0,2,0,0,3,0,0,4,0,0,5,0,0,6,0,0,7,0,0,8,0,0,9,0,1,0,1,0,1,1,0,2,1,0,3,1,0,4,1,0,5,1,0,6,1,0,7,1,0,8,1,0,9,1,0,0,2,1,1,2,1,2,2,0,3,2,0,4,2,0,5,2,0,6,2,0,7,2,1,8,2,1,9,2,0,0,3,1,1,3,0,2,3,0,3,3,0,4,3,0,5,3,1,6,3,0,7,3,1,8,3,1,9,3,0,0,4,0,1,4,0,2,4,1,3,4,0,4,4,1,5,4,0,6,4,0,7,4,0,8,4,0,9,4,0,0,5,0,1,5,1,2,5,0,3,5,1,4,5,0,5,5,0,6,5,1,7,5,0,8,5,0,9,5,0,0,6,0,1,6,0,2,6,0,3,6,0,4,6,0,5,6,0,6,6,1,7,6,1,8,6,0,9,6,1,0,7,1,1,7,0,2,7,0,3,7,0,4,7,1,5,7,0,6,7,0,7,7,0,8,7,1,9,7,0,0,8,0,1,8,0,2,8,1,3,8,0,4,8,0,5,8,0,6,8,0,7,8,1,8,8,0,9,8,1,0,9,0,1,9,1,2,9,1,3,9,1,4,9,0,5,9,1,6,9,0,7,9,0,8,9,1,9,9,0,
102,0,0,1,1,0,0,2,0,0,3,0,0,4,0,0,5,0,0,6,0,0,7,0,0,8,0,0,9,0,0,0,1,0,1,1,0,2,1,0,3,1,0,4,1,0,5,1,0,6,1,0,7,1,0,8,1,0,9,1,1,0,2,1,1,2,0,2,2,0,3,2,0,4,2,0,5,2,0,6,2,0,7,2,1,8,2,1,9,2,0,0,3,0,1,3,0,2,3,0,3,3,0,4,3,0,5,3,1,6,3,0,7,3,1,8,3,1,9,3,0,0,4,0,1,4,0,2,4,1,3,4,0,4,4,1,5,4,0,6,4,0,7,4,0,8,4,0,9,4,1,0,5,0,1,5,1,2,5,0,3,5,1,4,5,0,5,5,1,6,5,1,7,5,0,8,5,0,9,5,0,0,6,1,1,6,0,2,6,0,3,6,1,4,6,0,5,6,0,6,6,1,7,6,1,8,6,0,9,6,1,0,7,1,1,7,1,2,7,0,3,7,0,4,7,0,5,7,0,6,7,0,7,7,0,8,7,1,9,7,0,0,8,0,1,8,0,2,8,1,3,8,0,4,8,0,5,8,0,6,8,0,7,8,0,8,8,0,9,8,0,0,9,0,1,9,1,2,9,1,3,9,1,4,9,0,5,9,1,6,9,0,7,9,0,8,9,1,9,9,0,
103,0,0,1,1,0,0,2,0,0,3,0,0,4,0,0,5,0,0,6,0,0,7,0,0,8,0,0,9,0,0,0,1,0,1,1,0,2,1,1,3,1,0,4,1,0,5,1,0,6,1,0,7,1,0,8,1,0,9,1,0,0,2,0,1,2,0,2,2,0,3,2,0,4,2,0,5,2,0,6,2,0,7,2,1,8,2,1,9,2,0,0,3,0,1,3,0,2,3,1,3,3,0,4,3,0,5,3,1,6,3,0,7,3,1,8,3,1,9,3,0,0,4,0,1,4,0,2,4,0,3,4,0,4,4,0,5,4,0,6,4,0,7,4,0,8,4,0,9,4,0,0,5,0,1,5,0,2,5,0,3,5,1,4,5,0,5,5,0,6,5,1,7,5,0,8,5,0,9,5,0,0,6,1,1,6,0,2,6,0,3,6,1,4,6,0,5,6,0,6,6,0,7,6,1,8,6,0,9,6,1,0,7,1,1,7,1,2,7,0,3,7,0,4,7,0,5,7,1,6,7,0,7,7,0,8,7,1,9,7,1,0,8,0,1,8,0,2,8,1,3,8,0,4,8,0,5,8,0,6,8,0,7,8,1,8,8,0,9,8,0,0,9,0,1,9,1,2,9,1,3,9,0,4,9,0,5,9,1,6,9,0,7,9,0,8,9,1,9,9,0,
104,0,0,1,1,0,0,2,0,0,3,0,0,4,0,0,5,0,0,6,0,0,7,0,0,8,0,0,9,0,0,0,1,0,1,1,0,2,1,1,3,1,0,4,1,0,5,1,0,6,1,0,7,1,0,8,1,0,9,1,0,0,2,0,1,2,1,2,2,0,3,2,0,4,2,0,5,2,0,6,2,0,7,2,1,8,2,1,9,2,0,0,3,0,1,3,0,2,3,1,3,3,0,4,3,0,5,3,1,6,3,0,7,3,1,8,3,1,9,3,0,0,4,0,1,4,0,2,4,1,3,4,0,4,4,0,5,4,0,6,4,0,7,4,1,8,4,0,9,4,0,0,5,0,1,5,1,2,5,0,3,5,1,4,5,0,5,5,0,6,5,1,7,5,0,8,5,0,9,5,0,0,6,1,1,6,0,2,6,0,3,6,1,4,6,0,5,6,1,6,6,0,7,6,1,8,6,0,9,6,1,0,7,1,1,7,1,2,7,0,3,7,0,4,7,1,5,7,1,6,7,0,7,7,0,8,7,1,9,7,1,0,8,0,1,8,0,2,8,1,3,8,0,4,8,0,5,8,0,6,8,0,7,8,0,8,8,0,9,8,0,0,9,0,1,9,1,2,9,1,3,9,0,4,9,0,5,9,1,6,9,0,7,9,1,8,9,1,9,9,0,
105,0,0,1,1,0,0,2,0,0,3,0,0,4,0,0,5,0,0,6,0,0,7,0,0,8,0,0,9,0,0,0,1,1,1,1,0,2,1,1,3,1,0,4,1,0,5,1,0,6,1,0,7,1,0,8,1,0,9,1,1,0,2,0,1,2,0,2,2,0,3,2,0,4,2,0,5,2,0,6,2,0,7,2,1,8,2,1,9,2,0,0,3,0,1,3,0,2,3,1,3,3,0,4,3,0,5,3,1,6,3,0,7,3,0,8,3,0,9,3,0,0,4,0,1,4,0,2,4,1,3,4,0,4,4,0,5,4,1,6,4,0,7,4,1,8,4,0,9,4,1,0,5,0,1,5,1,2,5,0,3,5,1,4,5,0,5,5,0,6,5,1,7,5,0,8,5,0,9,5,0,0,6,1,1,6,0,2,6,0,3,6,1,4,6,0,5,6,1,6,6,0,7,6,1,8,6,0,9,6,1,0,7,1,1,7,1,2,7,0,3,7,0,4,7,0,5,7,0,6,7,0,7,7,1,8,7,1,9,7,1,0,8,0,1,8,0,2,8,1,3,8,0,4,8,0,5,8,0,6,8,1,7,8,1,8,8,0,9,8,0,0,9,0,1,9,1,2,9,1,3,9,0,4,9,0,5,9,1,6,9,0,7,9,1,8,9,1,9,9,1,
106,0,0,1,1,0,0,2,0,0,3,0,0,4,0,0,5,0,1,6,0,0,7,0,0,8,0,0,9,0,0,0,1,1,1,1,0,2,1,0,3,1,0,4,1,0,5,1,0,6,1,0,7,1,0,8,1,0,9,1,1,0,2,0,1,2,0,2,2,0,3,2,0,4,2,0,5,2,0,6,2,0,7,2,1,8,2,1,9,2,0,0,3,1,1,3,0,2,3,1,3,3,0,4,3,0,5,3,1,6,3,0,7,3,1,8,3,0,9,3,0,0,4,0,1,4,1,2,4,0,3,4,0,4,4,0,5,4,1,6,4,0,7,4,1,8,4,0,9,4,0,0,5,0,1,5,1,2,5,0,3,5,0,4,5,0,5,5,1,6,5,1,7,5,0,8,5,0,9,5,0,0,6,1,1,6,0,2,6,0,3,6,1,4,6,0,5,6,1,6,6,0,7,6,0,8,6,0,9,6,0,0,7,1,1,7,1,2,7,0,3,7,0,4,7,0,5,7,0,6,7,0,7,7,1,8,7,1,9,7,1,0,8,0,1,8,0,2,8,1,3,8,0,4,8,0,5,8,0,6,8,1,7,8,0,8,8,0,9,8,0,0,9,0,1,9,1,2,9,1,3,9,1,4,9,0,5,9,1,6,9,0,7,9,1,8,9,1,9,9,1,
107,0,0,1,1,0,0,2,0,0,3,0,0,4,0,0,5,0,1,6,0,0,7,0,1,8,0,0,9,0,0,0,1,1,1,1,0,2,1,0,3,1,0,4,1,0,5,1,0,6,1,0,7,1,0,8,1,0,9,1,0,0,2,0,1,2,0,2,2,0,3,2,0,4,2,0,5,2,0,6,2,0,7,2,1,8,2,1,9,2,0,0,3,1,1,3,0,2,3,1,3,3,0,4,3,0,5,3,1,6,3,0,7,3,1,8,3,0,9,3,0,0,4,0,1,4,1,2,4,0,3,4,0,4,4,0,5,4,1,6,4,0,7,4,1,8,4,0,9,4,1,0,5,0,1,5,1,2,5,0,3,5,0,4,5,0,5,5,0,6,5,1,7,5,0,8,5,0,9,5,0,0,6,1,1,6,0,2,6,0,3,6,1,4,6,0,5,6,0,6,6,0,7,6,0,8,6,0,9,6,1,0,7,1,1,7,0,2,7,0,3,7,0,4,7,1,5,7,0,6,7,0,7,7,1,8,7,1,9,7,0,0,8,0,1,8,0,2,8,0,3,8,0,4,8,0,5,8,0,6,8,1,7,8,1,8,8,0,9,8,0,0,9,0,1,9,1,2,9,1,3,9,0,4,9,0,5,9,1,6,9,0,7,9,1,8,9,1,9,9,1,
108,0,0,1,1,0,0,2,0,0,3,0,0,4,0,0,5,0,1,6,0,0,7,0,0,8,0,0,9,0,0,0,1,1,1,1,0,2,1,1,3,1,0,4,1,0,5,1,0,6,1,0,7,1,0,8,1,0,9,1,0,0,2,0,1,2,1,2,2,0,3,2,0,4,2,0,5,2,0,6,2,0,7,2,1,8,2,1,9,2,0,0,3,0,1,3,0,2,3,1,3,3,0,4,3,0,5,3,1,6,3,0,7,3,1,8,3,0,9,3,0,0,4,0,1,4,1,2,4,0,3,4,0,4,4,0,5,4,1,6,4,0,7,4,1,8,4,0,9,4,1,0,5,0,1,5,0,2,5,0,3,5,0,4,5,0,5,5,0,6,5,1,7,5,0,8,5,0,9,5,0,0,6,1,1,6,0,2,6,0,3,6,1,4,6,0,5,6,0,6,6,0,7,6,0,8,6,0,9,6,1,0,7,1,1,7,0,2,7,0,3,7,0,4,7,1,5,7,0,6,7,0,7,7,1,8,7,1,9,7,0,0,8,0,1,8,0,2,8,0,3,8,0,4,8,0,5,8,0,6,8,1,7,8,0,8,8,0,9,8,0,0,9,0,1,9,1,2,9,1,3,9,0,4,9,0,5,9,0,6,9,0,7,9,1,8,9,0,9,9,1,
109,0,0,1,1,0,0,2,0,0,3,0,0,4,0,0,5,0,1,6,0,0,7,0,0,8,0,0,9,0,1,0,1,1,1,1,0,2,1,0,3,1,0,4,1,0,5,1,0,6,1,0,7,1,0,8,1,0,9,1,1,0,2,0,1,2,1,2,2,0,3,2,0,4,2,0,5,2,0,6,2,0,7,2,1,8,2,1,9,2,0,0,3,0,1,3,0,2,3,1,3,3,0,4,3,0,5,3,1,6,3,0,7,3,1,8,3,0,9,3,0,0,4,0,1,4,1,2,4,0,3,4,0,4,4,0,5,4,1,6,4,0,7,4,1,8,4,0,9,4,1,0,5,0,1,5,0,2,5,0,3,5,0,4,5,0,5,5,1,6,5,1,7,5,0,8,5,0,9,5,0,0,6,0,1,6,0,2,6,0,3,6,1,4,6,0,5,6,0,6,6,1,7,6,0,8,6,0,9,6,1,0,7,1,1,7,1,2,7,0,3,7,0,4,7,1,5,7,0,6,7,0,7,7,1,8,7,1,9,7,0,0,8,0,1,8,0,2,8,0,3,8,0,4,8,0,5,8,0,6,8,1,7,8,1,8,8,0,9,8,0,0,9,0,1,9,0,2,9,1,3,9,0,4,9,0,5,9,0,6,9,0,7,9,1,8,9,0,9,9,1,
110,0,0,1,1,0,0,2,0,0,3,0,0,4,0,0,5,0,1,6,0,0,7,0,0,8,0,0,9,0,1,0,1,1,1,1,0,2,1,0,3,1,0,4,1,0,5,1,0,6,1,0,7,1,0,8,1,0,9,1,1,0,2,0,1,2,1,2,2,0,3,2,0,4,2,0,5,2,0,6,2,0,7,2,1,8,2,0,9,2,0,0,3,1,1,3,0,2,3,1,3,3,0,4,3,0,5,3,1,6,3,0,7,3,1,8,3,0,9,3,0,0,4,0,1,4,1,2,4,0,3,4,0,4,4,0,5,4,1,6,4,0,7,4,1,8,4,0,9,4,0,0,5,0,1,5,1,2,5,0,3,5,0,4,5,1,5,5,0,6,5,1,7,5,0,8,5,0,9,5,0,0,6,0,1,6,0,2,6,0,3,6,1,4,6,0,5,6,0,6,6,0,7,6,0,8,6,0,9,6,1,0,7,1,1,7,0,2,7,0,3,7,0,4,7,1,5,7,0,6,7,0,7,7,0,8,7,1,9,7,0,0,8,0,1,8,0,2,8,1,3,8,0,4,8,0,5,8,0,6,8,1,7,8,0,8,8,0,9,8,0,0,9,0,1,9,0,2,9,1,3,9,0,4,9,0,5,9,0,6,9,0,7,9,1,8,9,0,9,9,1,
111,0,0,1,1,0,0,2,0,0,3,0,0,4,0,0,5,0,1,6,0,0,7,0,0,8,0,0,9,0,1,0,1,1,1,1,0,2,1,0,3,1,0,4,1,0,5,1,0,6,1,0,7,1,0,8,1,0,9,1,0,0,2,0,1,2,1,2,2,0,3,2,0,4,2,1,5,2,0,6,2,0,7,2,1,8,2,0,9,2,0,0,3,0,1,3,0,2,3,1,3,3,0,4,3,0,5,3,0,6,3,0,7,3,1,8,3,0,9,3,0,0,4,0,1,4,0,2,4,0,3,4,0,4,4,0,5,4,0,6,4,0,7,4,1,8,4,0,9,4,0,0,5,0,1,5,0,2,5,0,3,5,0,4,5,1,5,5,0,6,5,1,7,5,0,8,5,0,9,5,0,0,6,0,1,6,0,2,6,0,3,6,1,4,6,0,5,6,0,6,6,0,7,6,0,8,6,0,9,6,0,0,7,0,1,7,1,2,7,0,3,7,0,4,7,1,5,7,1,6,7,0,7,7,0,8,7,1,9,7,1,0,8,0,1,8,0,2,8,1,3,8,0,4,8,0,5,8,0,6,8,1,7,8,0,8,8,0,9,8,0,0,9,0,1,9,0,2,9,1,3,9,0,4,9,0,5,9,0,6,9,0,7,9,1,8,9,0,9,9,1,
112,0,0,1,1,0,0,2,0,0,3,0,0,4,0,0,5,0,1,6,0,0,7,0,0,8,0,0,9,0,1,0,1,0,1,1,0,2,1,0,3,1,0,4,1,0,5,1,0,6,1,0,7,1,0,8,1,0,9,1,0,0,2,0,1,2,0,2,2,0,3,2,0,4,2,1,5,2,0,6,2,0,7,2,1,8,2,0,9,2,0,0,3,0,1,3,0,2,3,0,3,3,0,4,3,0,5,3,0,6,3,0,7,3,0,8,3,0,9,3,0,0,4,0,1,4,1,2,4,0,3,4,0,4,4,0,5,4,0,6,4,0,7,4,0,8,4,0,9,4,0,0,5,0,1,5,0,2,5,0,3,5,0,4,5,1,5,5,0,6,5,1,7,5,0,8,5,0,9,5,0,0,6,1,1,6,0,2,6,0,3,6,1,4,6,0,5,6,0,6,6,0,7,6,0,8,6,0,9,6,0,0,7,0,1,7,1,2,7,0,3,7,0,4,7,1,5,7,1,6,7,0,7,7,0,8,7,1,9,7,1,0,8,0,1,8,0,2,8,1,3,8,0,4,8,0,5,8,0,6,8,1,7,8,0,8,8,0,9,8,0,0,9,0,1,9,0,2,9,1,3,9,0,4,9,0,5,9,0,6,9,0,7,9,1,8,9,0,9,9,1,
113,0,0,0,1,0,0,2,0,1,3,0,0,4,0,0,5,0,1,6,0,0,7,0,0,8,0,0,9,0,1,0,1,0,1,1,0,2,1,0,3,1,0,4,1,0,5,1,0,6,1,0,7,1,0,8,1,0,9,1,0,0,2,0,1,2,1,2,2,0,3,2,0,4,2,0,5,2,0,6,2,0,7,2,0,8,2,0,9,2,0,0,3,0,1,3,0,2,3,1,3,3,0,4,3,0,5,3,0,6,3,0,7,3,1,8,3,0,9,3,0,0,4,0,1,4,0,2,4,0,3,4,0,4,4,0,5,4,0,6,4,0,7,4,0,8,4,0,9,4,1,0,5,0,1,5,0,2,5,0,3,5,0,4,5,1,5,5,1,6,5,1,7,5,0,8,5,0,9,5,0,0,6,0,1,6,0,2,6,0,3,6,1,4,6,0,5,6,0,6,6,0,7,6,1,8,6,0,9,6,0,0,7,0,1,7,0,2,7,0,3,7,0,4,7,1,5,7,1,6,7,0,7,7,0,8,7,1,9,7,1,0,8,0,1,8,0,2,8,1,3,8,0,4,8,0,5,8,0,6,8,1,7,8,1,8,8,0,9,8,0,0,9,0,1,9,0,2,9,0,3,9,0,4,9,0,5,9,0,6,9,0,7,9,1,8,9,0,9,9,1,
114,0,0,0,1,0,0,2,0,1,3,0,0,4,0,0,5,0,1,6,0,0,7,0,0,8,0,0,9,0,0,0,1,1,1,1,0,2,1,1,3,1,0,4,1,0,5,1,0,6,1,0,7,1,0,8,1,0,9,1,0,0,2,0,1,2,0,2,2,0,3,2,0,4,2,0,5,2,0,6,2,0,7,2,0,8,2,0,9,2,0,0,3,0,1,3,0,2,3,1,3,3,0,4,3,0,5,3,1,6,3,0,7,3,1,8,3,0,9,3,0,0,4,0,1,4,0,2,4,0,3,4,0,4,4,0,5,4,0,6,4,0,7,4,1,8,4,0,9,4,0,0,5,0,1,5,0,2,5,0,3,5,1,4,5,1,5,5,1,6,5,1,7,5,0,8,5,0,9,5,0,0,6,1,1,6,0,2,6,0,3,6,1,4,6,0,5,6,0,6,6,0,7,6,1,8,6,0,9,6,0,0,7,1,1,7,0,2,7,0,3,7,0,4,7,1,5,7,1,6,7,0,7,7,0,8,7,1,9,7,0,0,8,0,1,8,0,2,8,1,3,8,0,4,8,0,5,8,0,6,8,0,7,8,0,8,8,0,9,8,0,0,9,0,1,9,0,2,9,0,3,9,0,4,9,0,5,9,0,6,9,0,7,9,1,8,9,1,9,9,1,
115,0,0,0,1,0,0,2,0,1,3,0,0,4,0,0,5,0,1,6,0,0,7,0,0,8,0,0,9,0,0,0,1,0,1,1,0,2,1,1,3,1,0,4,1,0,5,1,0,6,1,0,7,1,0,8,1,0,9,1,1,0,2,0,1,2,0,2,2,0,3,2,0,4,2,0,5,2,0,6,2,0,7,2,0,8,2,0,9,2,0,0,3,0,1,3,0,2,3,1,3,3,0,4,3,0,5,3,1,6,3,0,7,3,1,8,3,0,9,3,0,0,4,0,1,4,0,2,4,0,3,4,0,4,4,1,5,4,0,6,4,0,7,4,0,8,4,0,9,4,1,0,5,0,1,5,1,2,5,0,3,5,1,4,5,1,5,5,1,6,5,1,7,5,0,8,5,0,9,5,0,0,6,1,1,6,0,2,6,0,3,6,1,4,6,0,5,6,0,6,6,1,7,6,0,8,6,0,9,6,0,0,7,1,1,7,0,2,7,0,3,7,0,4,7,0,5,7,0,6,7,0,7,7,0,8,7,1,9,7,1,0,8,0,1,8,0,2,8,1,3,8,0,4,8,0,5,8,0,6,8,0,7,8,0,8,8,0,9,8,0,0,9,0,1,9,0,2,9,1,3,9,1,4,9,0,5,9,0,6,9,0,7,9,1,8,9,1,9,9,0,
116,0,0,0,1,0,0,2,0,1,3,0,0,4,0,0,5,0,1,6,0,0,7,0,0,8,0,0,9,0,0,0,1,0,1,1,0,2,1,1,3,1,0,4,1,0,5,1,0,6,1,0,7,1,0,8,1,0,9,1,0,0,2,0,1,2,1,2,2,0,3,2,0,4,2,0,5,2,0,6,2,0,7,2,0,8,2,0,9,2,0,0,3,0,1,3,0,2,3,1,3,3,0,4,3,0,5,3,1,6,3,0,7,3,1,8,3,1,9,3,0,0,4,0,1,4,1,2,4,0,3,4,0,4,4,1,5,4,0,6,4,0,7,4,0,8,4,0,9,4,1,0,5,0,1,5,0,2,5,0,3,5,1,4,5,1,5,5,1,6,5,1,7,5,0,8,5,0,9,5,0,0,6,0,1,6,0,2,6,0,3,6,1,4,6,0,5,6,1,6,6,1,7,6,0,8,6,0,9,6,0,0,7,0,1,7,0,2,7,0,3,7,0,4,7,1,5,7,0,6,7,0,7,7,0,8,7,1,9,7,1,0,8,0,1,8,0,2,8,1,3,8,0,4,8,0,5,8,0,6,8,1,7,8,1,8,8,0,9,8,0,0,9,0,1,9,1,2,9,0,3,9,1,4,9,0,5,9,0,6,9,0,7,9,1,8,9,1,9,9,0,
117,0,0,1,1,0,0,2,0,0,3,0,0,4,0,0,5,0,1,6,0,1,7,0,0,8,0,0,9,0,0,0,1,0,1,1,0,2,1,1,3,1,0,4,1,0,5,1,0,6,1,0,7,1,0,8,1,0,9,1,0,0,2,0,1,2,0,2,2,0,3,2,0,4,2,0,5,2,0,6,2,0,7,2,0,8,2,0,9,2,0,0,3,1,1,3,0,2,3,1,3,3,0,4,3,0,5,3,1,6,3,0,7,3,1,8,3,1,9,3,0,0,4,0,1,4,1,2,4,0,3,4,0,4,4,1,5,4,0,6,4,0,7,4,0,8,4,0,9,4,0,0,5,0,1,5,0,2,5,0,3,5,1,4,5,1,5,5,0,6,5,1,7,5,0,8,5,0,9,5,0,0,6,0,1,6,0,2,6,0,3,6,1,4,6,0,5,6,1,6,6,0,7,6,0,8,6,0,9,6,0,0,7,0,1,7,0,2,7,0,3,7,0,4,7,1,5,7,0,6,7,0,7,7,0,8,7,1,9,7,1,0,8,0,1,8,0,2,8,1,3,8,0,4,8,0,5,8,0,6,8,1,7,8,0,8,8,1,9,8,0,0,9,0,1,9,1,2,9,0,3,9,1,4,9,0,5,9,0,6,9,0,7,9,0,8,9,1,9,9,0,
118,0,0,1,1,0,0,2,0,0,3,0,0,4,0,0,5,0,1,6,0,1,7,0,0,8,0,0,9,0,0,0,1,0,1,1,0,2,1,1,3,1,0,4,1,0,5,1,0,6,1,0,7,1,0,8,1,0,9,1,1,0,2,0,1,2,1,2,2,0,3,2,0,4,2,0,5,2,0,6,2,0,7,2,0,8,2,0,9,2,0,0,3,0,1,3,0,2,3,1,3,3,0,4,3,0,5,3,1,6,3,0,7,3,1,8,3,1,9,3,0,0,4,0,1,4,1,2,4,0,3,4,0,4,4,1,5,4,0,6,4,0,7,4,1,8,4,0,9,4,0,0,5,0,1,5,0,2,5,0,3,5,1,4,5,1,5,5,1,6,5,1,7,5,0,8,5,0,9,5,0,0,6,0,1,6,0,2,6,0,3,6,1,4,6,0,5,6,0,6,6,0,7,6,0,8,6,0,9,6,0,0,7,1,1,7,0,2,7,0,3,7,0,4,7,1,5,7,0,6,7,0,7,7,0,8,7,1,9,7,1,0,8,0,1,8,0,2,8,0,3,8,0,4,8,0,5,8,0,6,8,1,7,8,1,8,8,1,9,8,0,0,9,0,1,9,1,2,9,0,3,9,1,4,9,0,5,9,0,6,9,0,7,9,0,8,9,1,9,9,0,
119,0,0,1,1,0,0,2,0,0,3,0,0,4,0,0,5,0,1,6,0,1,7,0,0,8,0,0,9,0,1,0,1,0,1,1,0,2,1,0,3,1,0,4,1,0,5,1,0,6,1,0,7,1,0,8,1,0,9,1,1,0,2,0,1,2,0,2,2,0,3,2,0,4,2,0,5,2,0,6,2,0,7,2,0,8,2,0,9,2,0,0,3,1,1,3,0,2,3,1,3,3,0,4,3,0,5,3,1,6,3,0,7,3,1,8,3,1,9,3,0,0,4,0,1,4,0,2,4,0,3,4,0,4,4,1,5,4,0,6,4,0,7,4,1,8,4,0,9,4,0,0,5,0,1,5,1,2,5,0,3,5,1,4,5,1,5,5,1,6,5,1,7,5,0,8,5,1,9,5,0,0,6,0,1,6,0,2,6,0,3,6,1,4,6,0,5,6,0,6,6,0,7,6,0,8,6,0,9,6,0,0,7,1,1,7,0,2,7,0,3,7,0,4,7,0,5,7,0,6,7,0,7,7,0,8,7,1,9,7,0,0,8,0,1,8,0,2,8,0,3,8,0,4,8,0,5,8,0,6,8,1,7,8,1,8,8,1,9,8,0,0,9,0,1,9,1,2,9,0,3,9,0,4,9,0,5,9,1,6,9,0,7,9,0,8,9,1,9,9,0,
120,0,0,1,1,0,0,2,0,0,3,0,0,4,0,0,5,0,1,6,0,1,7,0,1,8,0,0,9,0,0,0,1,0,1,1,0,2,1,1,3,1,0,4,1,0,5,1,0,6,1,0,7,1,0,8,1,0,9,1,0,0,2,0,1,2,1,2,2,0,3,2,0,4,2,0,5,2,0,6,2,0,7,2,1,8,2,0,9,2,0,0,3,0,1,3,0,2,3,1,3,3,0,4,3,0,5,3,1,6,3,0,7,3,0,8,3,1,9,3,0,0,4,0,1,4,1,2,4,0,3,4,0,4,4,1,5,4,0,6,4,0,7,4,1,8,4,0,9,4,0,0,5,0,1,5,1,2,5,0,3,5,1,4,5,0,5,5,1,6,5,0,7,5,0,8,5,1,9,5,0,0,6,1,1,6,0,2,6,0,3,6,1,4,6,0,5,6,0,6,6,0,7,6,1,8,6,0,9,6,0,0,7,0,1,7,1,2,7,0,3,7,0,4,7,0,5,7,0,6,7,0,7,7,0,8,7,1,9,7,0,0,8,0,1,8,0,2,8,0,3,8,0,4,8,0,5,8,0,6,8,1,7,8,0,8,8,1,9,8,0,0,9,0,1,9,0,2,9,0,3,9,0,4,9,0,5,9,1,6,9,0,7,9,0,8,9,1,9,9,0,
121,0,0,1,1,0,0,2,0,0,3,0,0,4,0,0,5,0,1,6,0,1,7,0,1,8,0,0,9,0,0,0,1,0,1,1,0,2,1,1,3,1,0,4,1,0,5,1,0,6,1,0,7,1,0,8,1,0,9,1,1,0,2,1,1,2,0,2,2,0,3,2,0,4,2,0,5,2,0,6,2,0,7,2,1,8,2,0,9,2,0,0,3,1,1,3,0,2,3,0,3,3,0,4,3,0,5,3,1,6,3,0,7,3,0,8,3,1,9,3,0,0,4,0,1,4,1,2,4,0,3,4,0,4,4,1,5,4,0,6,4,0,7,4,0,8,4,0,9,4,0,0,5,0,1,5,0,2,5,0,3,5,1,4,5,0,5,5,1,6,5,0,7,5,0,8,5,1,9,5,0,0,6,1,1,6,0,2,6,0,3,6,1,4,6,0,5,6,0,6,6,0,7,6,0,8,6,0,9,6,0,0,7,1,1,7,1,2,7,0,3,7,0,4,7,1,5,7,0,6,7,0,7,7,1,8,7,1,9,7,0,0,8,0,1,8,0,2,8,1,3,8,0,4,8,0,5,8,0,6,8,1,7,8,0,8,8,1,9,8,0,0,9,0,1,9,0,2,9,0,3,9,0,4,9,0,5,9,1,6,9,1,7,9,0,8,9,1,9,9,0,
122,0,0,1,1,0,0,2,0,0,3,0,0,4,0,0,5,0,1,6,0,1,7,0,1,8,0,0,9,0,0,0,1,1,1,1,0,2,1,0,3,1,0,4,1,0,5,1,0,6,1,0,7,1,0,8,1,0,9,1,1,0,2,1,1,2,1,2,2,0,3,2,0,4,2,0,5,2,0,6,2,0,7,2,1,8,2,0,9,2,0,0,3,1,1,3,0,2,3,0,3,3,0,4,3,0,5,3,1,6,3,0,7,3,0,8,3,1,9,3,0,0,4,0,1,4,0,2,4,0,3,4,0,4,4,1,5,4,0,6,4,0,7,4,0,8,4,0,9,4,1,0,5,0,1,5,0,2,5,0,3,5,0,4,5,0,5,5,1,6,5,0,7,5,0,8,5,1,9,5,0,0,6,1,1,6,0,2,6,0,3,6,1,4,6,0,5,6,0,6,6,1,7,6,0,8,6,0,9,6,0,0,7,0,1,7,0,2,7,0,3,7,0,4,7,0,5,7,0,6,7,0,7,7,1,8,7,1,9,7,0,0,8,0,1,8,0,2,8,0,3,8,0,4,8,0,5,8,0,6,8,1,7,8,0,8,8,0,9,8,0,0,9,0,1,9,0,2,9,0,3,9,0,4,9,0,5,9,1,6,9,1,7,9,0,8,9,0,9,9,0,
123,0,0,1,1,0,0,2,0,0,3,0,0,4,0,0,5,0,1,6,0,1,7,0,1,8,0,0,9,0,0,0,1,1,1,1,0,2,1,1,3,1,0,4,1,0,5,1,0,6,1,0,7,1,0,8,1,0,9,1,1,0,2,1,1,2,1,2,2,0,3,2,0,4,2,0,5,2,0,6,2,0,7,2,1,8,2,0,9,2,0,0,3,0,1,3,0,2,3,0,3,3,0,4,3,0,5,3,1,6,3,0,7,3,0,8,3,1,9,3,0,0,4,0,1,4,1,2,4,1,3,4,0,4,4,1,5,4,0,6,4,0,7,4,0,8,4,0,9,4,0,0,5,0,1,5,0,2,5,0,3,5,0,4,5,0,5,5,0,6,5,0,7,5,0,8,5,1,9,5,0,0,6,0,1,6,0,2,6,0,3,6,1,4,6,0,5,6,0,6,6,1,7,6,0,8,6,0,9,6,1,0,7,1,1,7,1,2,7,0,3,7,0,4,7,0,5,7,0,6,7,0,7,7,1,8,7,0,9,7,0,0,8,0,1,8,0,2,8,1,3,8,0,4,8,0,5,8,0,6,8,1,7,8,0,8,8,1,9,8,0,0,9,0,1,9,1,2,9,0,3,9,1,4,9,0,5,9,1,6,9,1,7,9,1,8,9,0,9,9,0,
124,0,0,1,1,0,0,2,0,0,3,0,0,4,0,0,5,0,1,6,0,0,7,0,1,8,0,0,9,0,0,0,1,1,1,1,0,2,1,0,3,1,0,4,1,0,5,1,0,6,1,0,7,1,0,8,1,0,9,1,1,0,2,1,1,2,0,2,2,0,3,2,0,4,2,0,5,2,0,6,2,0,7,2,1,8,2,0,9,2,0,0,3,0,1,3,0,2,3,0,3,3,0,4,3,0,5,3,1,6,3,0,7,3,0,8,3,1,9,3,0,0,4,0,1,4,0,2,4,1,3,4,0,4,4,0,5,4,0,6,4,0,7,4,0,8,4,0,9,4,1,0,5,0,1,5,1,2,5,0,3,5,1,4,5,0,5,5,1,6,5,0,7,5,0,8,5,1,9,5,0,0,6,0,1,6,0,2,6,0,3,6,1,4,6,0,5,6,0,6,6,1,7,6,0,8,6,0,9,6,1,0,7,1,1,7,1,2,7,0,3,7,0,4,7,0,5,7,1,6,7,0,7,7,1,8,7,0,9,7,1,0,8,0,1,8,0,2,8,1,3,8,0,4,8,0,5,8,0,6,8,0,7,8,1,8,8,1,9,8,0,0,9,0,1,9,1,2,9,1,3,9,1,4,9,0,5,9,1,6,9,1,7,9,1,8,9,0,9,9,0,
125,0,0,1,1,0,0,2,0,0,3,0,0,4,0,0,5,0,1,6,0,0,7,0,1,8,0,0,9,0,0,0,1,0,1,1,0,2,1,0,3,1,0,4,1,0,5,1,0,6,1,0,7,1,0,8,1,0,9,1,1,0,2,1,1,2,1,2,2,0,3,2,0,4,2,0,5,2,0,6,2,0,7,2,1,8,2,0,9,2,0,0,3,0,1,3,0,2,3,0,3,3,0,4,3,0,5,3,1,6,3,0,7,3,1,8,3,1,9,3,0,0,4,0,1,4,0,2,4,0,3,4,0,4,4,0,5,4,0,6,4,0,7,4,0,8,4,0,9,4,1,0,5,0,1,5,0,2,5,0,3,5,1,4,5,0,5,5,1,6,5,0,7,5,0,8,5,1,9,5,0,0,6,0,1,6,0,2,6,0,3,6,1,4,6,0,5,6,0,6,6,0,7,6,0,8,6,0,9,6,0,0,7,0,1,7,1,2,7,0,3,7,0,4,7,0,5,7,1,6,7,0,7,7,1,8,7,0,9,7,1,0,8,0,1,8,0,2,8,1,3,8,0,4,8,0,5,8,0,6,8,0,7,8,1,8,8,0,9,8,0,0,9,0,1,9,1,2,9,1,3,9,1,4,9,0,5,9,1,6,9,1,7,9,1,8,9,0,9,9,0,
126,0,0,1,1,0,0,2,0,0,3,0,0,4,0,0,5,0,1,6,0,0,7,0,1,8,0,0,9,0,1,0,1,0,1,1,0,2,1,0,3,1,0,4,1,0,5,1,0,6,1,0,7,1,0,8,1,0,9,1,1,0,2,1,1,2,1,2,2,0,3,2,0,4,2,0,5,2,0,6,2,0,7,2,1,8,2,0,9,2,0,0,3,1,1,3,0,2,3,0,3,3,0,4,3,0,5,3,1,6,3,0,7,3,0,8,3,1,9,3,0,0,4,0,1,4,1,2,4,0,3,4,0,4,4,0,5,4,0,6,4,0,7,4,0,8,4,0,9,4,1,0,5,0,1,5,1,2,5,0,3,5,1,4,5,0,5,5,0,6,5,0,7,5,0,8,5,1,9,5,0,0,6,0,1,6,0,2,6,0,3,6,1,4,6,0,5,6,1,6,6,0,7,6,0,8,6,0,9,6,0,0,7,0,1,7,0,2,7,0,3,7,0,4,7,1,5,7,0,6,7,0,7,7,1,8,7,0,9,7,1,0,8,0,1,8,0,2,8,1,3,8,0,4,8,0,5,8,0,6,8,1,7,8,1,8,8,0,9,8,0,0,9,0,1,9,1,2,9,1,3,9,1,4,9,0,5,9,1,6,9,1,7,9,1,8,9,1,9,9,0,
127,0,0,1,1,0,0,2,0,0,3,0,0,4,0,0,5,0,1,6,0,0,7,0,1,8,0,0,9,0,1,0,1,0,1,1,0,2,1,0,3,1,0,4,1,0,5,1,0,6,1,0,7,1,0,8,1,0,9,1,1,0,2,1,1,2,0,2,2,0,3,2,0,4,2,0,5,2,0,6,2,0,7,2,1,8,2,0,9,2,0,0,3,1,1,3,0,2,3,0,3,3,0,4,3,0,5,3,1,6,3,0,7,3,1,8,3,1,9,3,0,0,4,0,1,4,1,2,4,0,3,4,0,4,4,0,5,4,0,6,4,0,7,4,0,8,4,0,9,4,1,0,5,0,1,5,0,2,5,0,3,5,1,4,5,0,5,5,0,6,5,0,7,5,0,8,5,1,9,5,0,0,6,0,1,6,0,2,6,0,3,6,1,4,6,0,5,6,1,6,6,0,7,6,0,8,6,0,9,6,0,0,7,1,1,7,1,2,7,0,3,7,0,4,7,0,5,7,0,6,7,0,7,7,1,8,7,0,9,7,1,0,8,0,1,8,0,2,8,1,3,8,0,4,8,0,5,8,0,6,8,1,7,8,0,8,8,1,9,8,0,0,9,0,1,9,0,2,9,1,3,9,1,4,9,0,5,9,1,6,9,1,7,9,1,8,9,0,9,9,0,
128,0,0,1,1,0,0,2,0,0,3,0,0,4,0,0,5,0,1,6,0,0,7,0,0,8,0,0,9,0,1,0,1,1,1,1,0,2,1,0,3,1,0,4,1,0,5,1,0,6,1,0,7,1,0,8,1,0,9,1,0,0,2,1,1,2,1,2,2,0,3,2,0,4,2,0,5,2,0,6,2,0,7,2,1,8,2,0,9,2,0,0,3,0,1,3,0,2,3,0,3,3,0,4,3,0,5,3,1,6,3,0,7,3,0,8,3,1,9,3,0,0,4,0,1,4,0,2,4,0,3,4,0,4,4,0,5,4,0,6,4,0,7,4,1,8,4,0,9,4,1,0,5,0,1,5,0,2,5,0,3,5,1,4,5,0,5,5,0,6,5,0,7,5,0,8,5,1,9,5,0,0,6,0,1,6,0,2,6,0,3,6,1,4,6,0,5,6,1,6,6,0,7,6,0,8,6,0,9,6,0,0,7,0,1,7,0,2,7,0,3,7,0,4,7,0,5,7,1,6,7,0,7,7,1,8,7,0,9,7,1,0,8,0,1,8,0,2,8,1,3,8,0,4,8,0,5,8,0,6,8,1,7,8,0,8,8,1,9,8,0,0,9,0,1,9,1,2,9,1,3,9,1,4,9,0,5,9,1,6,9,1,7,9,1,8,9,0,9,9,0,
129,0,0,1,1,0,0,2,0,0,3,0,0,4,0,0,5,0,1,6,0,0,7,0,0,8,0,0,9,0,0,0,1,1,1,1,0,2,1,1,3,1,0,4,1,0,5,1,0,6,1,0,7,1,0,8,1,0,9,1,1,0,2,1,1,2,1,2,2,0,3,2,0,4,2,0,5,2,0,6,2,0,7,2,1,8,2,0,9,2,0,0,3,1,1,3,0,2,3,0,3,3,0,4,3,0,5,3,1,6,3,0,7,3,0,8,3,1,9,3,0,0,4,0,1,4,1,2,4,0,3,4,0,4,4,0,5,4,0,6,4,0,7,4,1,8,4,0,9,4,1,0,5,0,1,5,0,2,5,0,3,5,1,4,5,0,5,5,0,6,5,0,7,5,0,8,5,1,9,5,0,0,6,0,1,6,0,2,6,0,3,6,1,4,6,0,5,6,1,6,6,0,7,6,0,8,6,0,9,6,0,0,7,0,1,7,0,2,7,0,3,7,0,4,7,1,5,7,1,6,7,0,7,7,1,8,7,0,9,7,1,0,8,0,1,8,0,2,8,1,3,8,0,4,8,0,5,8,0,6,8,1,7,8,0,8,8,1,9,8,0,0,9,0,1,9,1,2,9,1,3,9,1,4,9,0,5,9,1,6,9,1,7,9,1,8,9,0,9,9,1,
130,0,0,1,1,0,0,2,0,0,3,0,0,4,0,0,5,0,1,6,0,0,7,0,0,8,0,0,9,0,0,0,1,0,1,1,0,2,1,1,3,1,0,4,1,0,5,1,0,6,1,0,7,1,0,8,1,0,9,1,1,0,2,0,1,2,1,2,2,0,3,2,0,4,2,0,5,2,0,6,2,0,7,2,1,8,2,0,9,2,0,0,3,1,1,3,0,2,3,0,3,3,0,4,3,0,5,3,1,6,3,0,7,3,0,8,3,1,9,3,0,0,4,0,1,4,1,2,4,1,3,4,0,4,4,0,5,4,0,6,4,0,7,4,1,8,4,0,9,4,1,0,5,0,1,5,0,2,5,0,3,5,1,4,5,0,5,5,1,6,5,0,7,5,0,8,5,1,9,5,0,0,6,1,1,6,0,2,6,0,3,6,1,4,6,0,5,6,1,6,6,0,7,6,0,8,6,0,9,6,0,0,7,0,1,7,1,2,7,0,3,7,0,4,7,1,5,7,1,6,7,0,7,7,1,8,7,0,9,7,0,0,8,0,1,8,0,2,8,1,3,8,0,4,8,0,5,8,0,6,8,1,7,8,0,8,8,1,9,8,0,0,9,0,1,9,1,2,9,1,3,9,1,4,9,0,5,9,1,6,9,1,7,9,1,8,9,0,9,9,1,
